ABC Data
SA	IA	FZ	FY	TSTC	FX	SR	P
s	deg	N	N	N	C	-	KPa
-12	0	-250	748.933989120912	55	0	0	55.2
-11.9	0	-250	754.990211533748	55	0	0	55.2
-11.8	0	-250	760.866285917121	55	0	0	55.2
-11.7	0	-250	766.560457252503	55	0	0	55.2
-11.6	0	-250	772.071012520657	55	0	0	55.2
-11.5	0	-250	777.396281353616	55	0	0	55.2
-11.4	0	-250	782.534636676117	55	0	0	55.2
-11.3	0	-250	787.484495336236	55	0	0	55.2
-11.2	0	-250	792.244318724903	55	0	0	55.2
-11.1	0	-250	796.812613384064	55	0	0	55.2
-11	0	-250	801.187931603169	55	0	0	55.2
-10.9	0	-250	805.368872003755	55	0	0	55.2
-10.8	0	-250	809.354080111828	55	0	0	55.2
-10.7	0	-250	813.142248917789	55	0	0	55.2
-10.6	0	-250	816.732119423642	55	0	0	55.2
-10.5	0	-250	820.122481177226	55	0	0	55.2
-10.4	0	-250	823.312172793211	55	0	0	55.2
-10.3	0	-250	826.30008246062	55	0	0	55.2
-10.2	0	-250	829.085148436614	55	0	0	55.2
-10.1	0	-250	831.666359526316	55	0	0	55.2
-10	0	-250	834.042755548418	55	0	0	55.2
-9.9	0	-250	836.213427786355	55	0	0	55.2
-9.8	0	-250	838.177519424799	55	0	0	55.2
-9.7	0	-250	839.934225971273	55	0	0	55.2
-9.6	0	-250	841.482795662636	55	0	0	55.2
-9.5	0	-250	842.822529856256	55	0	0	55.2
-9.4	0	-250	843.952783405633	55	0	0	55.2
-9.3	0	-250	844.87296502029	55	0	0	55.2
-9.2	0	-250	845.582537609724	55	0	0	55.2
-9.1	0	-250	846.081018611224	55	0	0	55.2
-9	0	-250	846.367980301369	55	0	0	55.2
-8.9	0	-250	846.443050091024	55	0	0	55.2
-8.8	0	-250	846.305910803667	55	0	0	55.2
-8.7	0	-250	845.956300936852	55	0	0	55.2
-8.6	0	-250	845.39401490668	55	0	0	55.2
-8.5	0	-250	844.618903275084	55	0	0	55.2
-8.4	0	-250	843.630872959805	55	0	0	55.2
-8.3	0	-250	842.42988742689	55	0	0	55.2
-8.2	0	-250	841.015966865595	55	0	0	55.2
-8.1	0	-250	839.389188345541	55	0	0	55.2
-8	0	-250	837.549685956012	55	0	0	55.2
-7.9	0	-250	835.497650927261	55	0	0	55.2
-7.8	0	-250	833.233331733725	55	0	0	55.2
-7.7	0	-250	830.757034179043	55	0	0	55.2
-7.6	0	-250	828.069121462757	55	0	0	55.2
-7.5	0	-250	825.170014228638	55	0	0	55.2
-7.4	0	-250	822.060190594521	55	0	0	55.2
-7.3	0	-250	818.740186163592	55	0	0	55.2
-7.2	0	-250	815.210594017047	55	0	0	55.2
-7.1	0	-250	811.472064688059	55	0	0	55.2
-7	0	-250	807.525306117009	55	0	0	55.2
-6.9	0	-250	803.371083587911	55	0	0	55.2
-6.8	0	-250	799.010219646015	55	0	0	55.2
-6.7	0	-250	794.443593996533	55	0	0	55.2
-6.6	0	-250	789.672143384477	55	0	0	55.2
-6.5	0	-250	784.696861455583	55	0	0	55.2
-6.4	0	-250	779.518798598309	55	0	0	55.2
-6.3	0	-250	774.139061766909	55	0	0	55.2
-6.2	0	-250	768.558814285588	55	0	0	55.2
-6.1	0	-250	762.77927563374	55	0	0	55.2
-6	0	-250	756.801721212302	55	0	0	55.2
-5.9	0	-250	750.627482091245	55	0	0	55.2
-5.8	0	-250	744.257944738232	55	0	0	55.2
-5.7	0	-250	737.694550728502	55	0	0	55.2
-5.6	0	-250	730.938796436012	55	0	0	55.2
-5.5	0	-250	723.992232705912	55	0	0	55.2
-5.4	0	-250	716.856464508403	55	0	0	55.2
-5.3	0	-250	709.533150574072	55	0	0	55.2
-5.2	0	-250	702.024003010771	55	0	0	55.2
-5.1	0	-250	694.330786902126	55	0	0	55.2
-5	0	-250	686.455319887797	55	0	0	55.2
-4.9	0	-250	678.399471725569	55	0	0	55.2
-4.8	0	-250	670.165163835394	55	0	0	55.2
-4.7	0	-250	661.754368825519	55	0	0	55.2
-4.6	0	-250	653.169110000802	55	0	0	55.2
-4.5	0	-250	644.411460853381	55	0	0	55.2
-4.4	0	-250	635.483544535812	55	0	0	55.2
-4.3	0	-250	626.387533316847	55	0	0	55.2
-4.2	0	-250	617.125648020002	55	0	0	55.2
-4.1	0	-250	607.700157445079	55	0	0	55.2
-4	0	-250	598.113377772819	55	0	0	55.2
-3.9	0	-250	588.367671952871	55	0	0	55.2
-3.8	0	-250	578.465449075248	55	0	0	55.2
-3.7	0	-250	568.409163725484	55	0	0	55.2
-3.6	0	-250	558.201315323687	55	0	0	55.2
-3.5	0	-250	547.844447447689	55	0	0	55.2
-3.4	0	-250	537.34114714052	55	0	0	55.2
-3.3	0	-250	526.694044202429	55	0	0	55.2
-3.2	0	-250	515.905810467667	55	0	0	55.2
-3.1	0	-250	504.979159066288	55	0	0	55.2
-3	0	-250	493.916843671199	55	0	0	55.2
-2.9	0	-250	482.721657730706	55	0	0	55.2
-2.8	0	-250	471.396433686826	55	0	0	55.2
-2.7	0	-250	459.944042179612	55	0	0	55.2
-2.6	0	-250	448.367391237766	55	0	0	55.2
-2.5	0	-250	436.669425455813	55	0	0	55.2
-2.4	0	-250	424.853125158123	55	0	0	55.2
-2.3	0	-250	412.921505550053	55	0	0	55.2
-2.2	0	-250	400.877615856519	55	0	0	55.2
-2.1	0	-250	388.724538448276	55	0	0	55.2
-2	0	-250	376.465387956229	55	0	0	55.2
-1.9	0	-250	364.103310374066	55	0	0	55.2
-1.8	0	-250	351.64148214954	55	0	0	55.2
-1.7	0	-250	339.083109264714	55	0	0	55.2
-1.6	0	-250	326.431426305481	55	0	0	55.2
-1.5	0	-250	313.689695520719	55	0	0	55.2
-1.4	0	-250	300.861205871371	55	0	0	55.2
-1.3	0	-250	287.949272069831	55	0	0	55.2
-1.2	0	-250	274.957233609943	55	0	0	55.2
-1.1	0	-250	261.888453787983	55	0	0	55.2
-0.999999999999998	0	-250	248.746318714965	55	0	0	55.2
-0.899999999999999	0	-250	235.534236320619	55	0	0	55.2
-0.799999999999999	0	-250	222.255635349418	55	0	0	55.2
-0.699999999999999	0	-250	208.913964348995	55	0	0	55.2
-0.6	0	-250	195.512690651327	55	0	0	55.2
-0.499999999999998	0	-250	182.055299347054	55	0	0	55.2
-0.399999999999999	0	-250	168.545292253301	55	0	0	55.2
-0.299999999999999	0	-250	154.986186875379	55	0	0	55.2
-0.199999999999999	0	-250	141.38151536274	55	0	0	55.2
-0.0999999999999996	0	-250	127.734823459577	55	0	0	55.2
1.77635683940025e-15	0	-250	114.049669450428	55	0	0	55.2
0.100000000000001	0	-250	100.329623101203	55	0	0	55.2
0.200000000000001	0	-250	86.57826459598	55	0	0	55.2
0.300000000000001	0	-250	72.7991834699979	55	0	0	55.2
0.4	0	-250	58.995977539208	55	0	0	55.2
0.500000000000002	0	-250	45.1722518267901	55	0	0	55.2
0.600000000000001	0	-250	31.3316174870248	55	0	0	55.2
0.700000000000001	0	-250	17.4776907269118	55	0	0	55.2
0.800000000000001	0	-250	3.61409172593529	55	0	0	55.2
0.9	0	-250	-10.2555564456299	55	0	0	55.2
1	0	-250	-24.127628952686	55	0	0	55.2
1.1	0	-250	-37.9985028652807	55	0	0	55.2
1.2	0	-250	-51.8645597034444	55	0	0	55.2
1.3	0	-250	-65.7221827604322	55	0	0	55.2
1.4	0	-250	-79.5677578122103	55	0	0	55.2
1.5	0	-250	-93.3976741811931	55	0	0	55.2
1.6	0	-250	-107.208325798715	55	0	0	55.2
1.7	0	-250	-120.996112265864	55	0	0	55.2
1.8	0	-250	-134.757439912288	55	0	0	55.2
1.9	0	-250	-148.488722852616	55	0	0	55.2
2	0	-250	-162.186384040094	55	0	0	55.2
2.1	0	-250	-175.846856317082	55	0	0	55.2
2.2	0	-250	-189.46658346203	55	0	0	55.2
2.3	0	-250	-203.042021232559	55	0	0	55.2
2.4	0	-250	-216.569638404284	55	0	0	55.2
2.5	0	-250	-230.045917805004	55	0	0	55.2
2.6	0	-250	-243.467357343896	55	0	0	55.2
2.7	0	-250	-256.830471035356	55	0	0	55.2
2.8	0	-250	-270.131790017108	55	0	0	55.2
2.9	0	-250	-283.367863562241	55	0	0	55.2
3	0	-250	-296.535260084807	55	0	0	55.2
3.1	0	-250	-309.630568138627	55	0	0	55.2
3.2	0	-250	-322.650397408957	55	0	0	55.2
3.3	0	-250	-335.591379696672	55	0	0	55.2
3.4	0	-250	-348.450169894604	55	0	0	55.2
3.5	0	-250	-361.223446955721	55	0	0	55.2
3.6	0	-250	-373.907914852787	55	0	0	55.2
3.7	0	-250	-386.50030352918	55	0	0	55.2
3.8	0	-250	-398.997369840535	55	0	0	55.2
3.9	0	-250	-411.395898486895	55	0	0	55.2
4	0	-250	-423.692702935025	55	0	0	55.2
4.1	0	-250	-435.884626330605	55	0	0	55.2
4.2	0	-250	-447.968542399961	55	0	0	55.2
4.3	0	-250	-459.941356341038	55	0	0	55.2
4.4	0	-250	-471.800005703311	55	0	0	55.2
4.5	0	-250	-483.541461256331	55	0	0	55.2
4.6	0	-250	-495.162727846614	55	0	0	55.2
4.7	0	-250	-506.660845242592	55	0	0	55.2
4.8	0	-250	-518.032888967316	55	0	0	55.2
4.9	0	-250	-529.275971118668	55	0	0	55.2
5	0	-250	-540.387241176786	55	0	0	55.2
5.1	0	-250	-551.363886798427	55	0	0	55.2
5.2	0	-250	-562.203134598039	55	0	0	55.2
5.3	0	-250	-572.902250915245	55	0	0	55.2
5.4	0	-250	-583.458542568514	55	0	0	55.2
5.5	0	-250	-593.869357594774	55	0	0	55.2
5.6	0	-250	-604.132085974705	55	0	0	55.2
5.7	0	-250	-614.244160343516	55	0	0	55.2
5.8	0	-250	-624.203056686936	55	0	0	55.2
5.9	0	-250	-634.006295022242	55	0	0	55.2
6	0	-250	-643.651440064073	55	0	0	55.2
6.1	0	-250	-653.136101874847	55	0	0	55.2
6.2	0	-250	-662.457936499571	55	0	0	55.2
6.3	0	-250	-671.614646584839	55	0	0	55.2
6.4	0	-250	-680.603981981856	55	0	0	55.2
6.5	0	-250	-689.423740333278	55	0	0	55.2
6.6	0	-250	-698.071767643709	55	0	0	55.2
6.7	0	-250	-706.545958833691	55	0	0	55.2
6.8	0	-250	-714.844258277011	55	0	0	55.2
6.9	0	-250	-722.964660321181	55	0	0	55.2
7	0	-250	-730.90520979095	55	0	0	55.2
7.1	0	-250	-738.664002474689	55	0	0	55.2
7.2	0	-250	-746.239185593538	55	0	0	55.2
7.3	0	-250	-753.628958253171	55	0	0	55.2
7.4	0	-250	-760.831571878071	55	0	0	55.2
7.5	0	-250	-767.845330628205	55	0	0	55.2
7.6	0	-250	-774.668591797981	55	0	0	55.2
7.7	0	-250	-781.299766197406	55	0	0	55.2
7.8	0	-250	-787.737318515347	55	0	0	55.2
7.9	0	-250	-793.979767664814	55	0	0	55.2
8	0	-250	-800.025687110185	55	0	0	55.2
8.1	0	-250	-805.873705176319	55	0	0	55.2
8.2	0	-250	-811.522505339471	55	0	0	55.2
8.3	0	-250	-816.970826499994	55	0	0	55.2
8.4	0	-250	-822.217463236733	55	0	0	55.2
8.5	0	-250	-827.261266043118	55	0	0	55.2
8.6	0	-250	-832.101141544895	55	0	0	55.2
8.7	0	-250	-836.736052699485	55	0	0	55.2
8.8	0	-250	-841.165018976942	55	0	0	55.2
8.9	0	-250	-845.387116522518	55	0	0	55.2
9	0	-250	-849.40147830081	55	0	0	55.2
9.1	0	-250	-853.207294221514	55	0	0	55.2
9.2	0	-250	-856.803811246787	55	0	0	55.2
9.3	0	-250	-860.190333480234	55	0	0	55.2
9.4	0	-250	-863.366222237554	55	0	0	55.2
9.5	0	-250	-866.330896098871	55	0	0	55.2
9.6	0	-250	-869.083830942798	55	0	0	55.2
9.7	0	-250	-871.624559962268	55	0	0	55.2
9.8	0	-250	-873.952673662201	55	0	0	55.2
9.9	0	-250	-876.067819839054	55	0	0	55.2
10	0	-250	-877.969703542338	55	0	0	55.2
10.1	0	-250	-879.658087018156	55	0	0	55.2
10.2	0	-250	-881.132789634858	55	0	0	55.2
10.3	0	-250	-882.393687790901	55	0	0	55.2
10.4	0	-250	-883.440714804997	55	0	0	55.2
10.5	0	-250	-884.273860788661	55	0	0	55.2
10.6	0	-250	-884.893172501259	55	0	0	55.2
10.7	0	-250	-885.298753187676	55	0	0	55.2
10.8	0	-250	-885.49076239872	55	0	0	55.2
10.9	0	-250	-885.469415794385	55	0	0	55.2
11	0	-250	-885.234984930112	55	0	0	55.2
11.1	0	-250	-884.787797026185	55	0	0	55.2
11.2	0	-250	-884.128234720402	55	0	0	55.2
11.3	0	-250	-883.256735804172	55	0	0	55.2
11.4	0	-250	-882.1737929422	55	0	0	55.2
11.5	0	-250	-880.879953375915	55	0	0	55.2
11.6	0	-250	-879.375818610808	55	0	0	55.2
11.7	0	-250	-877.662044087861	55	0	0	55.2
11.8	0	-250	-875.739338839231	55	0	0	55.2
11.9	0	-250	-873.608465128388	55	0	0	55.2
12	0	-250	-871.270238074885	55	0	0	55.2
-12.1	4	-250	755.077956863839	55	0	0	55.2
-12	4	-250	761.063420958912	55	0	0	55.2
-11.9	4	-250	766.951688659149	55	0	0	55.2
-11.8	4	-250	772.739847496869	55	0	0	55.2
-11.7	4	-250	778.424985964425	55	0	0	55.2
-11.6	4	-250	784.004194843116	55	0	0	55.2
-11.5	4	-250	789.474568553595	55	0	0	55.2
-11.4	4	-250	794.833206527074	55	0	0	55.2
-11.3	4	-250	800.077214596739	55	0	0	55.2
-11.2	4	-250	805.203706408607	55	0	0	55.2
-11.1	4	-250	810.209804851174	55	0	0	55.2
-11	4	-250	815.092643503068	55	0	0	55.2
-10.9	4	-250	819.849368097957	55	0	0	55.2
-10.8	4	-250	824.477138005894	55	0	0	55.2
-10.7	4	-250	828.973127730298	55	0	0	55.2
-10.6	4	-250	833.334528419696	55	0	0	55.2
-10.5	4	-250	837.558549393354	55	0	0	55.2
-10.4	4	-250	841.642419679894	55	0	0	55.2
-10.3	4	-250	845.583389567962	55	0	0	55.2
-10.2	4	-250	849.378732168008	55	0	0	55.2
-10.1	4	-250	853.025744984169	55	0	0	55.2
-10	4	-250	856.521751495282	55	0	0	55.2
-9.9	4	-250	859.864102743975	55	0	0	55.2
-9.8	4	-250	863.050178932812	55	0	0	55.2
-9.7	4	-250	866.077391026387	55	0	0	55.2
-9.6	4	-250	868.943182358315	55	0	0	55.2
-9.5	4	-250	871.645030241969	55	0	0	55.2
-9.4	4	-250	874.180447583854	55	0	0	55.2
-9.3	4	-250	876.546984498452	55	0	0	55.2
-9.2	4	-250	878.742229923381	55	0	0	55.2
-9.1	4	-250	880.763813233659	55	0	0	55.2
-9	4	-250	882.60940585389	55	0	0	55.2
-8.9	4	-250	884.276722867145	55	0	0	55.2
-8.8	4	-250	885.763524619286	55	0	0	55.2
-8.7	4	-250	887.067618317521	55	0	0	55.2
-8.6	4	-250	888.186859621888	55	0	0	55.2
-8.5	4	-250	889.119154228425	55	0	0	55.2
-8.4	4	-250	889.862459442736	55	0	0	55.2
-8.3	4	-250	890.414785742643	55	0	0	55.2
-8.2	4	-250	890.77419832866	55	0	0	55.2
-8.1	4	-250	890.938818660936	55	0	0	55.2
-8	4	-250	890.906825981397	55	0	0	55.2
-7.9	4	-250	890.676458819739	55	0	0	55.2
-7.8	4	-250	890.246016481959	55	0	0	55.2
-7.7	4	-250	889.61386052011	55	0	0	55.2
-7.6	4	-250	888.778416181941	55	0	0	55.2
-7.5	4	-250	887.738173839111	55	0	0	55.2
-7.4	4	-250	886.491690392638	55	0	0	55.2
-7.3	4	-250	885.037590654291	55	0	0	55.2
-7.2	4	-250	883.374568702574	55	0	0	55.2
-7.1	4	-250	881.501389212033	55	0	0	55.2
-7	4	-250	879.41688875455	55	0	0	55.2
-6.9	4	-250	877.119977071353	55	0	0	55.2
-6.8	4	-250	874.609638314449	55	0	0	55.2
-6.7	4	-250	871.884932256216	55	0	0	55.2
-6.6	4	-250	868.944995465877	55	0	0	55.2
-6.5	4	-250	865.789042451646	55	0	0	55.2
-6.4	4	-250	862.416366767276	55	0	0	55.2
-6.3	4	-250	858.826342081831	55	0	0	55.2
-6.2	4	-250	855.018423211464	55	0	0	55.2
-6.1	4	-250	850.992147112048	55	0	0	55.2
-6	4	-250	846.747133831492	55	0	0	55.2
-5.9	4	-250	842.283087420618	55	0	0	55.2
-5.8	4	-250	837.599796801498	55	0	0	55.2
-5.7	4	-250	832.697136592165	55	0	0	55.2
-5.6	4	-250	827.575067886644	55	0	0	55.2
-5.5	4	-250	822.233638989287	55	0	0	55.2
-5.4	4	-250	816.672986102399	55	0	0	55.2
-5.3	4	-250	810.893333966216	55	0	0	55.2
-5.2	4	-250	804.894996450273	55	0	0	55.2
-5.1	4	-250	798.678377095287	55	0	0	55.2
-5	4	-250	792.243969604674	55	0	0	55.2
-4.9	4	-250	785.592358284882	55	0	0	55.2
-4.8	4	-250	778.724218433742	55	0	0	55.2
-4.7	4	-250	771.640316676078	55	0	0	55.2
-4.6	4	-250	764.341511245884	55	0	0	55.2
-4.5	4	-250	756.82875221436	55	0	0	55.2
-4.4	4	-250	749.103081663207	55	0	0	55.2
-4.3	4	-250	741.165633802565	55	0	0	55.2
-4.2	4	-250	733.017635033069	55	0	0	55.2
-4.1	4	-250	724.660403951504	55	0	0	55.2
-4	4	-250	716.095351299608	55	0	0	55.2
-3.9	4	-250	707.323979855622	55	0	0	55.2
-3.8	4	-250	698.347884268194	55	0	0	55.2
-3.7	4	-250	689.16875083237	55	0	0	55.2
-3.6	4	-250	679.788357207345	55	0	0	55.2
-3.5	4	-250	670.208572075803	55	0	0	55.2
-3.4	4	-250	660.431354744658	55	0	0	55.2
-3.3	4	-250	650.45875468707	55	0	0	55.2
-3.2	4	-250	640.292911025687	55	0	0	55.2
-3.1	4	-250	629.936051957075	55	0	0	55.2
-3	4	-250	619.390494117396	55	0	0	55.2
-2.9	4	-250	608.658641889392	55	0	0	55.2
-2.8	4	-250	597.742986650842	55	0	0	55.2
-2.7	4	-250	586.646105964652	55	0	0	55.2
-2.6	4	-250	575.370662710868	55	0	0	55.2
-2.5	4	-250	563.919404160852	55	0	0	55.2
-2.4	4	-250	552.295160994027	55	0	0	55.2
-2.3	4	-250	540.500846257539	55	0	0	55.2
-2.2	4	-250	528.539454269344	55	0	0	55.2
-2.1	4	-250	516.414059465184	55	0	0	55.2
-2	4	-250	504.127815190037	55	0	0	55.2
-1.9	4	-250	491.683952434646	55	0	0	55.2
-1.8	4	-250	479.085778517792	55	0	0	55.2
-1.7	4	-250	466.336675715013	55	0	0	55.2
-1.6	4	-250	453.440099834563	55	0	0	55.2
-1.5	4	-250	440.399578741395	55	0	0	55.2
-1.4	4	-250	427.218710830062	55	0	0	55.2
-1.3	4	-250	413.901163447423	55	0	0	55.2
-1.2	4	-250	400.450671266151	55	0	0	55.2
-1.1	4	-250	386.871034610019	55	0	0	55.2
-0.999999999999998	4	-250	373.166117732051	55	0	0	55.2
-0.899999999999999	4	-250	359.339847046628	55	0	0	55.2
-0.799999999999999	4	-250	345.396209316688	55	0	0	55.2
-0.699999999999999	4	-250	331.339249797252	55	0	0	55.2
-0.6	4	-250	317.173070336457	55	0	0	55.2
-0.499999999999998	4	-250	302.901827435426	55	0	0	55.2
-0.399999999999999	4	-250	288.529730268254	55	0	0	55.2
-0.299999999999999	4	-250	274.061038663499	55	0	0	55.2
-0.199999999999999	4	-250	259.500061048561	55	0	0	55.2
-0.0999999999999996	4	-250	244.851152358368	55	0	0	55.2
1.77635683940025e-15	4	-250	230.11871190988	55	0	0	55.2
0.100000000000001	4	-250	215.307181243867	55	0	0	55.2
0.200000000000001	4	-250	200.421041935533	55	0	0	55.2
0.300000000000001	4	-250	185.464813375536	55	0	0	55.2
0.4	4	-250	170.443050523011	55	0	0	55.2
0.500000000000002	4	-250	155.360341632214	55	0	0	55.2
0.600000000000001	4	-250	140.22130595445	55	0	0	55.2
0.700000000000001	4	-250	125.030591416952	55	0	0	55.2
0.800000000000001	4	-250	109.792872280417	55	0	0	55.2
0.9	4	-250	94.5128467769298	55	0	0	55.2
1	4	-250	79.195234730001	55	0	0	55.2
1.1	4	-250	63.8447751584964	55	0	0	55.2
1.2	4	-250	48.4662238662224	55	0	0	55.2
1.3	4	-250	33.0643510189693	55	0	0	55.2
1.4	4	-250	17.6439387108113	55	0	0	55.2
1.5	4	-250	2.20977852148081	55	0	0	55.2
1.6	4	-250	-13.233330933356	55	0	0	55.2
1.7	4	-250	-28.6805867583841	55	0	0	55.2
1.8	4	-250	-44.127354316565	55	0	0	55.2
1.9	4	-250	-59.5694532165865	55	0	0	55.2
2	4	-250	-75.0027785410699	55	0	0	55.2
2.1	4	-250	-90.4232263559933	55	0	0	55.2
2.2	4	-250	-105.826694171803	55	0	0	55.2
2.3	4	-250	-121.20908140565	55	0	0	55.2
2.4	4	-250	-136.566289845109	55	0	0	55.2
2.5	4	-250	-151.894224113746	55	0	0	55.2
2.6	4	-250	-167.188792138882	55	0	0	55.2
2.7	4	-250	-182.445905621914	55	0	0	55.2
2.8	4	-250	-197.661480511551	55	0	0	55.2
2.9	4	-250	-212.831437480307	55	0	0	55.2
3	4	-250	-227.951702404621	55	0	0	55.2
3.1	4	-250	-243.01820684894	55	0	0	55.2
3.2	4	-250	-258.026888554118	55	0	0	55.2
3.3	4	-250	-272.973691930489	55	0	0	55.2
3.4	4	-250	-287.854568555937	55	0	0	55.2
3.5	4	-250	-302.665477679335	55	0	0	55.2
3.6	4	-250	-317.40238672966	55	0	0	55.2
3.7	4	-250	-332.061271831158	55	0	0	55.2
3.8	4	-250	-346.638118324864	55	0	0	55.2
3.9	4	-250	-361.128921296832	55	0	0	55.2
4	4	-250	-375.529686113381	55	0	0	55.2
4.1	4	-250	-389.836428963717	55	0	0	55.2
4.2	4	-250	-404.045177410216	55	0	0	55.2
4.3	4	-250	-418.151970946715	55	0	0	55.2
4.4	4	-250	-432.152861565115	55	0	0	55.2
4.5	4	-250	-446.043914330612	55	0	0	55.2
4.6	4	-250	-459.821207965848	55	0	0	55.2
4.7	4	-250	-473.480835444323	55	0	0	55.2
4.8	4	-250	-487.018904593311	55	0	0	55.2
4.9	4	-250	-500.431538706627	55	0	0	55.2
5	4	-250	-513.714877167499	55	0	0	55.2
5.1	4	-250	-526.865076081838	55	0	0	55.2
5.2	4	-250	-539.878308922199	55	0	0	55.2
5.3	4	-250	-552.75076718267	55	0	0	55.2
5.4	4	-250	-565.478661044992	55	0	0	55.2
5.5	4	-250	-578.058220056155	55	0	0	55.2
5.6	4	-250	-590.485693817713	55	0	0	55.2
5.7	4	-250	-602.757352687086	55	0	0	55.2
5.8	4	-250	-614.869488491071	55	0	0	55.2
5.9	4	-250	-626.818415251808	55	0	0	55.2
6	4	-250	-638.600469925422	55	0	0	55.2
6.1	4	-250	-650.21201315355	55	0	0	55.2
6.2	4	-250	-661.649430027988	55	0	0	55.2
6.3	4	-250	-672.909130868623	55	0	0	55.2
6.4	4	-250	-683.987552014879	55	0	0	55.2
6.5	4	-250	-694.881156630847	55	0	0	55.2
6.6	4	-250	-705.586435524259	55	0	0	55.2
6.7	4	-250	-716.099907979509	55	0	0	55.2
6.8	4	-250	-726.418122604836	55	0	0	55.2
6.9	4	-250	-736.53765819385	55	0	0	55.2
7	4	-250	-746.455124601515	55	0	0	55.2
7.1	4	-250	-756.167163634728	55	0	0	55.2
7.2	4	-250	-765.670449957599	55	0	0	55.2
7.3	4	-250	-774.961692011546	55	0	0	55.2
7.4	4	-250	-784.037632950285	55	0	0	55.2
7.5	4	-250	-792.895051589807	55	0	0	55.2
7.6	4	-250	-801.530763373402	55	0	0	55.2
7.7	4	-250	-809.94162135179	55	0	0	55.2
7.8	4	-250	-818.124517178396	55	0	0	55.2
7.9	4	-250	-826.076382119807	55	0	0	55.2
8	4	-250	-833.794188081414	55	0	0	55.2
8.1	4	-250	-841.274948648253	55	0	0	55.2
8.2	4	-250	-848.515720141023	55	0	0	55.2
8.3	4	-250	-855.513602687261	55	0	0	55.2
8.4	4	-250	-862.265741307623	55	0	0	55.2
8.5	4	-250	-868.769327017217	55	0	0	55.2
8.6	4	-250	-875.021597941915	55	0	0	55.2
8.7	4	-250	-881.019840449548	55	0	0	55.2
8.8	4	-250	-886.761390295889	55	0	0	55.2
8.9	4	-250	-892.243633785278	55	0	0	55.2
9	4	-250	-897.464008945771	55	0	0	55.2
9.1	4	-250	-902.420006718639	55	0	0	55.2
9.2	4	-250	-907.109172162038	55	0	0	55.2
9.3	4	-250	-911.529105668668	55	0	0	55.2
9.4	4	-250	-915.677464197184	55	0	0	55.2
9.5	4	-250	-919.551962517141	55	0	0	55.2
9.6	4	-250	-923.150374467211	55	0	0	55.2
9.7	4	-250	-926.470534226394	55	0	0	55.2
9.8	4	-250	-929.510337597934	55	0	0	55.2
9.9	4	-250	-932.267743305616	55	0	0	55.2
10	4	-250	-934.740774302108	55	0	0	55.2
10.1	4	-250	-936.927519088986	55	0	0	55.2
10.2	4	-250	-938.826133048065	55	0	0	55.2
10.3	4	-250	-940.434839783615	55	0	0	55.2
10.4	4	-250	-941.751932475053	55	0	0	55.2
10.5	4	-250	-942.775775239645	55	0	0	55.2
10.6	4	-250	-943.504804504738	55	0	0	55.2
10.7	4	-250	-943.93753038904	55	0	0	55.2
10.8	4	-250	-944.072538092401	55	0	0	55.2
10.9	4	-250	-943.908489293562	55	0	0	55.2
11	4	-250	-943.444123555277	55	0	0	55.2
11.1	4	-250	-942.678259736229	55	0	0	55.2
11.2	4	-250	-941.609797409094	55	0	0	55.2
11.3	4	-250	-940.237718284106	55	0	0	55.2
11.4	4	-250	-938.561087637438	55	0	0	55.2
11.5	4	-250	-936.579055743699	55	0	0	55.2
11.6	4	-250	-934.290859311798	55	0	0	55.2
11.7	4	-250	-931.695822923422	55	0	0	55.2
11.8	4	-250	-928.793360473332	55	0	0	55.2
11.9	4	-250	-925.582976610655	55	0	0	55.2
12	4	-250	-922.064268180326	55	0	0	55.2
-12.1	0	-750	2061.78151760993	55	0	0	55.2
-12	0	-750	2082.50111384136	55	0	0	55.2
-11.9	0	-750	2102.67412722101	55	0	0	55.2
-11.8	0	-750	2122.29407656746	55	0	0	55.2
-11.7	0	-750	2141.35462055831	55	0	0	55.2
-11.6	0	-750	2159.84956028631	55	0	0	55.2
-11.5	0	-750	2177.7728417779	55	0	0	55.2
-11.4	0	-750	2195.11855847315	55	0	0	55.2
-11.3	0	-750	2211.88095366574	55	0	0	55.2
-11.2	0	-750	2228.05442290197	55	0	0	55.2
-11.1	0	-750	2243.63351633759	55	0	0	55.2
-11	0	-750	2258.61294105121	55	0	0	55.2
-10.9	0	-750	2272.98756331337	55	0	0	55.2
-10.8	0	-750	2286.75241080994	55	0	0	55.2
-10.7	0	-750	2299.90267481884	55	0	0	55.2
-10.6	0	-750	2312.43371233907	55	0	0	55.2
-10.5	0	-750	2324.34104817078	55	0	0	55.2
-10.4	0	-750	2335.62037694551	55	0	0	55.2
-10.3	0	-750	2346.26756510543	55	0	0	55.2
-10.2	0	-750	2356.27865283064	55	0	0	55.2
-10.1	0	-750	2365.64985591342	55	0	0	55.2
-10	0	-750	2374.37756757858	55	0	0	55.2
-9.9	0	-750	2382.45836024876	55	0	0	55.2
-9.8	0	-750	2389.88898725386	55	0	0	55.2
-9.7	0	-750	2396.66638448365	55	0	0	55.2
-9.6	0	-750	2402.78767198257	55	0	0	55.2
-9.5	0	-750	2408.25015548587	55	0	0	55.2
-9.4	0	-750	2413.05132789624	55	0	0	55.2
-9.3	0	-750	2417.18887070004	55	0	0	55.2
-9.2	0	-750	2420.66065532231	55	0	0	55.2
-9.1	0	-750	2423.46474441977	55	0	0	55.2
-9	0	-750	2425.599393111	55	0	0	55.2
-8.9	0	-750	2427.06305014304	55	0	0	55.2
-8.8	0	-750	2427.85435899371	55	0	0	55.2
-8.7	0	-750	2427.97215890892	55	0	0	55.2
-8.6	0	-750	2427.41548587424	55	0	0	55.2
-8.5	0	-750	2426.18357352015	55	0	0	55.2
-8.4	0	-750	2424.27585396025	55	0	0	55.2
-8.3	0	-750	2421.69195856194	55	0	0	55.2
-8.2	0	-750	2418.43171864884	55	0	0	55.2
-8.1	0	-750	2414.49516613452	55	0	0	55.2
-8	0	-750	2409.88253408695	55	0	0	55.2
-7.9	0	-750	2404.59425722322	55	0	0	55.2
-7.8	0	-750	2398.630972334	55	0	0	55.2
-7.7	0	-750	2391.99351863735	55	0	0	55.2
-7.6	0	-750	2384.68293806149	55	0	0	55.2
-7.5	0	-750	2376.70047545605	55	0	0	55.2
-7.4	0	-750	2368.04757873158	55	0	0	55.2
-7.3	0	-750	2358.72589892691	55	0	0	55.2
-7.2	0	-750	2348.73729020408	55	0	0	55.2
-7.1	0	-750	2338.08380977066	55	0	0	55.2
-7	0	-750	2326.76771772908	55	0	0	55.2
-6.9	0	-750	2314.79147685297	55	0	0	55.2
-6.8	0	-750	2302.1577522902	55	0	0	55.2
-6.7	0	-750	2288.86941119246	55	0	0	55.2
-6.6	0	-750	2274.92952227152	55	0	0	55.2
-6.5	0	-750	2260.34135528174	55	0	0	55.2
-6.4	0	-750	2245.10838042915	55	0	0	55.2
-6.3	0	-750	2229.23426770683	55	0	0	55.2
-6.2	0	-750	2212.72288615678	55	0	0	55.2
-6.1	0	-750	2195.57830305827	55	0	0	55.2
-6	0	-750	2177.80478304277	55	0	0	55.2
-5.9	0	-750	2159.40678713563	55	0	0	55.2
-5.8	0	-750	2140.38897172461	55	0	0	55.2
-5.7	0	-750	2120.75618745552	55	0	0	55.2
-5.6	0	-750	2100.51347805514	55	0	0	55.2
-5.5	0	-750	2079.66607908168	55	0	0	55.2
-5.4	0	-750	2058.21941660319	55	0	0	55.2
-5.3	0	-750	2036.17910580403	55	0	0	55.2
-5.2	0	-750	2013.55094951996	55	0	0	55.2
-5.1	0	-750	1990.34093670216	55	0	0	55.2
-5	0	-750	1966.55524081059	55	0	0	55.2
-4.9	0	-750	1942.20021813716	55	0	0	55.2
-4.8	0	-750	1917.28240605923	55	0	0	55.2
-4.7	0	-750	1891.80852122394	55	0	0	55.2
-4.6	0	-750	1865.7854576639	55	0	0	55.2
-4.5	0	-750	1839.22028484486	55	0	0	55.2
-4.4	0	-750	1812.120245646	55	0	0	55.2
-4.3	0	-750	1784.49275427344	55	0	0	55.2
-4.2	0	-750	1756.34539410762	55	0	0	55.2
-4.1	0	-750	1727.68591548545	55	0	0	55.2
-4	0	-750	1698.52223341766	55	0	0	55.2
-3.9	0	-750	1668.8624252425	55	0	0	55.2
-3.8	0	-750	1638.71472821621	55	0	0	55.2
-3.7	0	-750	1608.08753704146	55	0	0	55.2
-3.6	0	-750	1576.98940133428	55	0	0	55.2
-3.5	0	-750	1545.42902303071	55	0	0	55.2
-3.4	0	-750	1513.41525373379	55	0	0	55.2
-3.3	0	-750	1480.95709200205	55	0	0	55.2
-3.2	0	-750	1448.0636805804	55	0	0	55.2
-3.1	0	-750	1414.7443035744	55	0	0	55.2
-3	0	-750	1381.00838356905	55	0	0	55.2
-2.9	0	-750	1346.86547869298	55	0	0	55.2
-2.8	0	-750	1312.32527962939	55	0	0	55.2
-2.7	0	-750	1277.39760657454	55	0	0	55.2
-2.6	0	-750	1242.09240614521	55	0	0	55.2
-2.5	0	-750	1206.41974823612	55	0	0	55.2
-2.4	0	-750	1170.38982282858	55	0	0	55.2
-2.3	0	-750	1134.01293675154	55	0	0	55.2
-2.2	0	-750	1097.2995103963	55	0	0	55.2
-2.1	0	-750	1060.26007438613	55	0	0	55.2
-2	0	-750	1022.90526620203	55	0	0	55.2
-1.9	0	-750	985.245826766107	55	0	0	55.2
-1.8	0	-750	947.292596983601	55	0	0	55.2
-1.7	0	-750	909.056514245195	55	0	0	55.2
-1.6	0	-750	870.548608890777	55	0	0	55.2
-1.5	0	-750	831.780000636116	55	0	0	55.2
-1.4	0	-750	792.761894963843	55	0	0	55.2
-1.3	0	-750	753.505579480128	55	0	0	55.2
-1.2	0	-750	714.022420238522	55	0	0	55.2
-1.1	0	-750	674.323858032386	55	0	0	55.2
-0.999999999999998	0	-750	634.42140465738	55	0	0	55.2
-0.899999999999999	0	-750	594.32663914551	55	0	0	55.2
-0.799999999999999	0	-750	554.051203972193	55	0	0	55.2
-0.699999999999999	0	-750	513.606801237878	55	0	0	55.2
-0.6	0	-750	473.005188825726	55	0	0	55.2
-0.499999999999998	0	-750	432.258176536892	55	0	0	55.2
-0.399999999999999	0	-750	391.377622204948	55	0	0	55.2
-0.299999999999999	0	-750	350.375427790984	55	0	0	55.2
-0.199999999999999	0	-750	309.263535460985	55	0	0	55.2
-0.0999999999999996	0	-750	268.053923647026	55	0	0	55.2
1.77635683940025e-15	0	-750	226.758603093876	55	0	0	55.2
0.100000000000001	0	-750	185.3896128926	55	0	0	55.2
0.200000000000001	0	-750	143.959016502742	55	0	0	55.2
0.300000000000001	0	-750	102.47889776471	55	0	0	55.2
0.4	0	-750	60.9613569039365	55	0	0	55.2
0.500000000000002	0	-750	19.4185065284555	55	0	0	55.2
0.600000000000001	0	-750	-22.1375323785185	55	0	0	55.2
0.700000000000001	0	-750	-63.6946372069809	55	0	0	55.2
0.800000000000001	0	-750	-105.240699246383	55	0	0	55.2
0.9	0	-750	-146.763618019006	55	0	0	55.2
1	0	-750	-188.251300602118	55	0	0	55.2
1.1	0	-750	-229.691665571335	55	0	0	55.2
1.2	0	-750	-271.072646941916	55	0	0	55.2
1.3	0	-750	-312.382198103999	55	0	0	55.2
1.4	0	-750	-353.608295750258	55	0	0	55.2
1.5	0	-750	-394.73894379444	55	0	0	55.2
1.6	0	-750	-435.762177279236	55	0	0	55.2
1.7	0	-750	-476.666066271982	55	0	0	55.2
1.8	0	-750	-517.438719746652	55	0	0	55.2
1.9	0	-750	-558.068289450629	55	0	0	55.2
2	0	-750	-598.542973754758	55	0	0	55.2
2.1	0	-750	-638.851021485171	55	0	0	55.2
2.2	0	-750	-678.980735735393	55	0	0	55.2
2.3	0	-750	-718.920477657262	55	0	0	55.2
2.4	0	-750	-758.658670229171	55	0	0	55.2
2.5	0	-750	-798.183802000187	55	0	0	55.2
2.6	0	-750	-837.484430808593	55	0	0	55.2
2.7	0	-750	-876.549187473416	55	0	0	55.2
2.8	0	-750	-915.366779457523	55	0	0	55.2
2.9	0	-750	-953.92599450086	55	0	0	55.2
3	0	-750	-992.215704222458	55	0	0	55.2
3.1	0	-750	-1030.22486768981	55	0	0	55.2
3.2	0	-750	-1067.94253495425	55	0	0	55.2
3.3	0	-750	-1105.35785055103	55	0	0	55.2
3.4	0	-750	-1142.46005696266	55	0	0	55.2
3.5	0	-750	-1179.23849804431	55	0	0	55.2
3.6	0	-750	-1215.68262240995	55	0	0	55.2
3.7	0	-750	-1251.78198677782	55	0	0	55.2
3.8	0	-750	-1287.52625927422	55	0	0	55.2
3.9	0	-750	-1322.90522269413	55	0	0	55.2
4	0	-750	-1357.90877771757	55	0	0	55.2
4.1	0	-750	-1392.52694608052	55	0	0	55.2
4.2	0	-750	-1426.74987369914	55	0	0	55.2
4.3	0	-750	-1460.5678337462	55	0	0	55.2
4.4	0	-750	-1493.97122967852	55	0	0	55.2
4.5	0	-750	-1526.95059821443	55	0	0	55.2
4.6	0	-750	-1559.49661225998	55	0	0	55.2
4.7	0	-750	-1591.60008378309	55	0	0	55.2
4.8	0	-750	-1623.25196663427	55	0	0	55.2
4.9	0	-750	-1654.44335931328	55	0	0	55.2
5	0	-750	-1685.16550768037	55	0	0	55.2
5.1	0	-750	-1715.4098076114	55	0	0	55.2
5.2	0	-750	-1745.16780759586	55	0	0	55.2
5.3	0	-750	-1774.43121127669	55	0	0	55.2
5.4	0	-750	-1803.1918799313	55	0	0	55.2
5.5	0	-750	-1831.44183489274	55	0	0	55.2
5.6	0	-750	-1859.1732599102	55	0	0	55.2
5.7	0	-750	-1886.37850344821	55	0	0	55.2
5.8	0	-750	-1913.05008092351	55	0	0	55.2
5.9	0	-750	-1939.18067687906	55	0	0	55.2
6	0	-750	-1964.76314709438	55	0	0	55.2
6.1	0	-750	-1989.79052063153	55	0	0	55.2
6.2	0	-750	-2014.2560018161	55	0	0	55.2
6.3	0	-750	-2038.1529721526	55	0	0	55.2
6.4	0	-750	-2061.4749921736	55	0	0	55.2
6.5	0	-750	-2084.21580322209	55	0	0	55.2
6.6	0	-750	-2106.3693291665	55	0	0	55.2
6.7	0	-750	-2127.9296780479	55	0	0	55.2
6.8	0	-750	-2148.89114365891	55	0	0	55.2
6.9	0	-750	-2169.24820705379	55	0	0	55.2
7	0	-750	-2188.99553798943	55	0	0	55.2
7.1	0	-750	-2208.12799629674	55	0	0	55.2
7.2	0	-750	-2226.64063318216	55	0	0	55.2
7.3	0	-750	-2244.52869245888	55	0	0	55.2
7.4	0	-750	-2261.78761170763	55	0	0	55.2
7.5	0	-750	-2278.4130233666	55	0	0	55.2
7.6	0	-750	-2294.40075575039	55	0	0	55.2
7.7	0	-750	-2309.74683399776	55	0	0	55.2
7.8	0	-750	-2324.44748094793	55	0	0	55.2
7.9	0	-750	-2338.4991179455	55	0	0	55.2
8	0	-750	-2351.89836557362	55	0	0	55.2
8.1	0	-750	-2364.64204431551	55	0	0	55.2
8.2	0	-750	-2376.72717514429	55	0	0	55.2
8.3	0	-750	-2388.15098004102	55	0	0	55.2
8.4	0	-750	-2398.91088244101	55	0	0	55.2
8.5	0	-750	-2409.00450760845	55	0	0	55.2
8.6	0	-750	-2418.42968293947	55	0	0	55.2
8.7	0	-750	-2427.18443819368	55	0	0	55.2
8.8	0	-750	-2435.26700565439	55	0	0	55.2
8.9	0	-750	-2442.67582021758	55	0	0	55.2
9	0	-750	-2449.40951940999	55	0	0	55.2
9.1	0	-750	-2455.46694333639	55	0	0	55.2
9.2	0	-750	-2460.84713455636	55	0	0	55.2
9.3	0	-750	-2465.54933789092	55	0	0	55.2
9.4	0	-750	-2469.57300015918	55	0	0	55.2
9.5	0	-750	-2472.91776984555	55	0	0	55.2
9.6	0	-750	-2475.58349669769	55	0	0	55.2
9.7	0	-750	-2477.57023125575	55	0	0	55.2
9.8	0	-750	-2478.87822431322	55	0	0	55.2
9.9	0	-750	-2479.50792630998	55	0	0	55.2
10	0	-750	-2479.45998665782	55	0	0	55.2
10.1	0	-750	-2478.73525299918	55	0	0	55.2
10.2	0	-750	-2477.33477039951	55	0	0	55.2
10.3	0	-750	-2475.25978047377	55	0	0	55.2
10.4	0	-750	-2472.51172044781	55	0	0	55.2
10.5	0	-750	-2469.09222215512	55	0	0	55.2
10.6	0	-750	-2465.0031109696	55	0	0	55.2
10.7	0	-750	-2460.24640467508	55	0	0	55.2
10.8	0	-750	-2454.82431227217	55	0	0	55.2
10.9	0	-750	-2448.73923272332	55	0	0	55.2
11	0	-750	-2441.99375363654	55	0	0	55.2
11.1	0	-750	-2434.59064988889	55	0	0	55.2
11.2	0	-750	-2426.5328821902	55	0	0	55.2
11.3	0	-750	-2417.82359558798	55	0	0	55.2
11.4	0	-750	-2408.46611791436	55	0	0	55.2
11.5	0	-750	-2398.46395817582	55	0	0	55.2
11.6	0	-750	-2387.82080488651	55	0	0	55.2
11.7	0	-750	-2376.54052434632	55	0	0	55.2
11.8	0	-750	-2364.6271588642	55	0	0	55.2
11.9	0	-750	-2352.08492492802	55	0	0	55.2
12	0	-750	-2338.91821132162	55	0	0	55.2
-12.1	4	-750	2066.39003213724	55	0	0	55.2
-12	4	-750	2086.58593124378	55	0	0	55.2
-11.9	4	-750	2106.48588528896	55	0	0	55.2
-11.8	4	-750	2126.08021852899	55	0	0	55.2
-11.7	4	-750	2145.35925033932	55	0	0	55.2
-11.6	4	-750	2164.31329993313	55	0	0	55.2
-11.5	4	-750	2182.93269116207	55	0	0	55.2
-11.4	4	-750	2201.20775739701	55	0	0	55.2
-11.3	4	-750	2219.1288464862	55	0	0	55.2
-11.2	4	-750	2236.68632578843	55	0	0	55.2
-11.1	4	-750	2253.87058727833	55	0	0	55.2
-11	4	-750	2270.67205272118	55	0	0	55.2
-10.9	4	-750	2287.08117891425	55	0	0	55.2
-10.8	4	-750	2303.08846299164	55	0	0	55.2
-10.7	4	-750	2318.68444778955	55	0	0	55.2
-10.6	4	-750	2333.85972726873	55	0	0	55.2
-10.5	4	-750	2348.60495199086	55	0	0	55.2
-10.4	4	-750	2362.91083464518	55	0	0	55.2
-10.3	4	-750	2376.76815562218	55	0	0	55.2
-10.2	4	-750	2390.16776863047	55	0	0	55.2
-10.1	4	-750	2403.10060635316	55	0	0	55.2
-10	4	-750	2415.55768613995	55	0	0	55.2
-9.9	4	-750	2427.53011573094	55	0	0	55.2
-9.8	4	-750	2439.0090990083	55	0	0	55.2
-9.7	4	-750	2449.98594177142	55	0	0	55.2
-9.6	4	-750	2460.4520575317	55	0	0	55.2
-9.5	4	-750	2470.39897332242	55	0	0	55.2
-9.4	4	-750	2479.81833551944	55	0	0	55.2
-9.3	4	-750	2488.70191566841	55	0	0	55.2
-9.2	4	-750	2497.0416163138	55	0	0	55.2
-9.1	4	-750	2504.82947682532	55	0	0	55.2
-9	4	-750	2512.05767921702	55	0	0	55.2
-8.9	4	-750	2518.71855395449	55	0	0	55.2
-8.8	4	-750	2524.80458574519	55	0	0	55.2
-8.7	4	-750	2530.30841930731	55	0	0	55.2
-8.6	4	-750	2535.22286511227	55	0	0	55.2
-8.5	4	-750	2539.54090509577	55	0	0	55.2
-8.4	4	-750	2543.25569833276	55	0	0	55.2
-8.3	4	-750	2546.36058667102	55	0	0	55.2
-8.2	4	-750	2548.84910031861	55	0	0	55.2
-8.1	4	-750	2550.71496337996	55	0	0	55.2
-8	4	-750	2551.95209933569	55	0	0	55.2
-7.9	4	-750	2552.55463646092	55	0	0	55.2
-7.8	4	-750	2552.51691317718	55	0	0	55.2
-7.7	4	-750	2551.83348333262	55	0	0	55.2
-7.6	4	-750	2550.49912140559	55	0	0	55.2
-7.5	4	-750	2548.50882762638	55	0	0	55.2
-7.4	4	-750	2545.85783301213	55	0	0	55.2
-7.3	4	-750	2542.54160430977	55	0	0	55.2
-7.2	4	-750	2538.55584884204	55	0	0	55.2
-7.1	4	-750	2533.89651925141	55	0	0	55.2
-7	4	-750	2528.55981813707	55	0	0	55.2
-6.9	4	-750	2522.54220258002	55	0	0	55.2
-6.8	4	-750	2515.84038855125	55	0	0	55.2
-6.7	4	-750	2508.45135519827	55	0	0	55.2
-6.6	4	-750	2500.37234900511	55	0	0	55.2
-6.5	4	-750	2491.6008878211	55	0	0	55.2
-6.4	4	-750	2482.1347647538	55	0	0	55.2
-6.3	4	-750	2471.9720519213	55	0	0	55.2
-6.2	4	-750	2461.11110405964	55	0	0	55.2
-6.1	4	-750	2449.55056198064	55	0	0	55.2
-6	4	-750	2437.28935587601	55	0	0	55.2
-5.9	4	-750	2424.32670846338	55	0	0	55.2
-5.8	4	-750	2410.66213797009	55	0	0	55.2
-5.7	4	-750	2396.2954609508	55	0	0	55.2
-5.6	4	-750	2381.22679493483	55	0	0	55.2
-5.5	4	-750	2365.45656089961	55	0	0	55.2
-5.4	4	-750	2348.9854855664	55	0	0	55.2
-5.3	4	-750	2331.81460351477	55	0	0	55.2
-5.2	4	-750	2313.94525911244	55	0	0	55.2
-5.1	4	-750	2295.37910825718	55	0	0	55.2
-5	4	-750	2276.1181199276	55	0	0	55.2
-4.9	4	-750	2256.16457753985	55	0	0	55.2
-4.8	4	-750	2235.52108010747	55	0	0	55.2
-4.7	4	-750	2214.19054320151	55	0	0	55.2
-4.6	4	-750	2192.17619970864	55	0	0	55.2
-4.5	4	-750	2169.48160038475	55	0	0	55.2
-4.4	4	-750	2146.11061420183	55	0	0	55.2
-4.3	4	-750	2122.06742848628	55	0	0	55.2
-4.2	4	-750	2097.35654884667	55	0	0	55.2
-4.1	4	-750	2071.98279888934	55	0	0	55.2
-4	4	-750	2045.95131972046	55	0	0	55.2
-3.9	4	-750	2019.26756923314	55	0	0	55.2
-3.8	4	-750	1991.93732117864	55	0	0	55.2
-3.7	4	-750	1963.96666402074	55	0	0	55.2
-3.6	4	-750	1935.3619995725	55	0	0	55.2
-3.5	4	-750	1906.13004141508	55	0	0	55.2
-3.4	4	-750	1876.27781309822	55	0	0	55.2
-3.3	4	-750	1845.81264612231	55	0	0	55.2
-3.2	4	-750	1814.7421777022	55	0	0	55.2
-3.1	4	-750	1783.07434831302	55	0	0	55.2
-3	4	-750	1750.81739901866	55	0	0	55.2
-2.9	4	-750	1717.97986858344	55	0	0	55.2
-2.8	4	-750	1684.57059036821	55	0	0	55.2
-2.7	4	-750	1650.59868901173	55	0	0	55.2
-2.6	4	-750	1616.07357689896	55	0	0	55.2
-2.5	4	-750	1581.00495041767	55	0	0	55.2
-2.4	4	-750	1545.40278600526	55	0	0	55.2
-2.3	4	-750	1509.27733598767	55	0	0	55.2
-2.2	4	-750	1472.63912421275	55	0	0	55.2
-2.1	4	-750	1435.49894148033	55	0	0	55.2
-2	4	-750	1397.86784077171	55	0	0	55.2
-1.9	4	-750	1359.75713228137	55	0	0	55.2
-1.8	4	-750	1321.17837825389	55	0	0	55.2
-1.7	4	-750	1282.14338762932	55	0	0	55.2
-1.6	4	-750	1242.66421050042	55	0	0	55.2
-1.5	4	-750	1202.75313238533	55	0	0	55.2
-1.4	4	-750	1162.42266831958	55	0	0	55.2
-1.3	4	-750	1121.6855567713	55	0	0	55.2
-1.2	4	-750	1080.55475338385	55	0	0	55.2
-1.1	4	-750	1039.04342455029	55	0	0	55.2
-0.999999999999998	4	-750	997.164940824078	55	0	0	55.2
-0.899999999999999	4	-750	954.932870170819	55	0	0	55.2
-0.799999999999999	4	-750	912.360971065894	55	0	0	55.2
-0.699999999999999	4	-750	869.463185442956	55	0	0	55.2
-0.6	4	-750	826.253631498541	55	0	0	55.2
-0.499999999999998	4	-750	782.746596358118	55	0	0	55.2
-0.399999999999999	4	-750	738.956528609048	55	0	0	55.2
-0.299999999999999	4	-750	694.898030706094	55	0	0	55.2
-0.199999999999999	4	-750	650.585851255274	55	0	0	55.2
-0.0999999999999996	4	-750	606.034877181912	55	0	0	55.2
1.77635683940025e-15	4	-750	561.260125788949	55	0	0	55.2
0.100000000000001	4	-750	516.276736711632	55	0	0	55.2
0.200000000000001	4	-750	471.099963774839	55	0	0	55.2
0.300000000000001	4	-750	425.745166759399	55	0	0	55.2
0.4	4	-750	380.227803083874	55	0	0	55.2
0.500000000000002	4	-750	334.56341940833	55	0	0	55.2
0.600000000000001	4	-750	288.767643166746	55	0	0	55.2
0.700000000000001	4	-750	242.856174034768	55	0	0	55.2
0.800000000000001	4	-750	196.844775339582	55	0	0	55.2
0.9	4	-750	150.749265418762	55	0	0	55.2
1	4	-750	104.585508934974	55	0	0	55.2
1.1	4	-750	58.3694081535075	55	0	0	55.2
1.2	4	-750	12.1168941895965	55	0	0	55.2
1.3	4	-750	-34.1560817674313	55	0	0	55.2
1.4	4	-750	-80.4336884339807	55	0	0	55.2
1.5	4	-750	-126.701363021862	55	0	0	55.2
1.6	4	-750	-172.945258278098	55	0	0	55.2
1.7	4	-750	-219.151538345054	55	0	0	55.2
1.8	4	-750	-265.306372851931	55	0	0	55.2
1.9	4	-750	-311.395938938287	55	0	0	55.2
2	4	-750	-357.406423282166	55	0	0	55.2
2.1	4	-750	-403.324024134061	55	0	0	55.2
2.2	4	-750	-449.134953357957	55	0	0	55.2
2.3	4	-750	-494.825438480661	55	0	0	55.2
2.4	4	-750	-540.381724750656	55	0	0	55.2
2.5	4	-750	-585.790077207683	55	0	0	55.2
2.6	4	-750	-631.036782764274	55	0	0	55.2
2.7	4	-750	-676.108152300421	55	0	0	55.2
2.8	4	-750	-720.990522772594	55	0	0	55.2
2.9	4	-750	-765.670259338274	55	0	0	55.2
3	4	-750	-810.1337574972	55	0	0	55.2
3.1	4	-750	-854.367445250466	55	0	0	55.2
3.2	4	-750	-898.357785278654	55	0	0	55.2
3.3	4	-750	-942.09127714014	55	0	0	55.2
3.4	4	-750	-985.554459490659	55	0	0	55.2
3.5	4	-750	-1028.73391232534	55	0	0	55.2
3.6	4	-750	-1071.61625924419	55	0	0	55.2
3.7	4	-750	-1114.18816974225	55	0	0	55.2
3.8	4	-750	-1156.43636152538	55	0	0	55.2
3.9	4	-750	-1198.34760285278	55	0	0	55.2
4	4	-750	-1239.9087149073	55	0	0	55.2
4.1	4	-750	-1281.10657419454	55	0	0	55.2
4.2	4	-750	-1321.92811497169	55	0	0	55.2
4.3	4	-750	-1362.36033170721	55	0	0	55.2
4.4	4	-750	-1402.39028157214	55	0	0	55.2
4.5	4	-750	-1442.00508696421	55	0	0	55.2
4.6	4	-750	-1481.19193806535	55	0	0	55.2
4.7	4	-750	-1519.93809543383	55	0	0	55.2
4.8	4	-750	-1558.2308926316	55	0	0	55.2
4.9	4	-750	-1596.05773888788	55	0	0	55.2
5	4	-750	-1633.40612179965	55	0	0	55.2
5.1	4	-750	-1670.26361007	55	0	0	55.2
5.2	4	-750	-1706.61785628487	55	0	0	55.2
5.3	4	-750	-1742.45659972915	55	0	0	55.2
5.4	4	-750	-1777.76766924259	55	0	0	55.2
5.5	4	-750	-1812.53898611641	55	0	0	55.2
5.6	4	-750	-1846.75856703103	55	0	0	55.2
5.7	4	-750	-1880.4145270357	55	0	0	55.2
5.8	4	-750	-1913.49508257041	55	0	0	55.2
5.9	4	-750	-1945.98855453076	55	0	0	55.2
6	4	-750	-1977.88337137613	55	0	0	55.2
6.1	4	-750	-2009.16807228175	55	0	0	55.2
6.2	4	-750	-2039.83131033488	55	0	0	55.2
6.3	4	-750	-2069.86185577566	55	0	0	55.2
6.4	4	-750	-2099.2485992828	55	0	0	55.2
6.5	4	-750	-2127.98055530449	55	0	0	55.2
6.6	4	-750	-2156.04686543466	55	0	0	55.2
6.7	4	-750	-2183.43680183484	55	0	0	55.2
6.8	4	-750	-2210.13977070178	55	0	0	55.2
6.9	4	-750	-2236.14531578084	55	0	0	55.2
7	4	-750	-2261.44312192523	55	0	0	55.2
7.1	4	-750	-2286.0230187011	55	0	0	55.2
7.2	4	-750	-2309.87498403837	55	0	0	55.2
7.3	4	-750	-2332.98914792723	55	0	0	55.2
7.4	4	-750	-2355.35579616006	55	0	0	55.2
7.5	4	-750	-2376.96537411863	55	0	0	55.2
7.6	4	-750	-2397.8084906062	55	0	0	55.2
7.7	4	-750	-2417.87592172422	55	0	0	55.2
7.8	4	-750	-2437.15861479318	55	0	0	55.2
7.9	4	-750	-2455.64769231719	55	0	0	55.2
8	4	-750	-2473.33445599169	55	0	0	55.2
8.1	4	-750	-2490.21039075368	55	0	0	55.2
8.2	4	-750	-2506.26716887388	55	0	0	55.2
8.3	4	-750	-2521.49665409001	55	0	0	55.2
8.4	4	-750	-2535.89090578037	55	0	0	55.2
8.5	4	-750	-2549.44218317685	55	0	0	55.2
8.6	4	-750	-2562.14294961653	55	0	0	55.2
8.7	4	-750	-2573.98587683063	55	0	0	55.2
8.8	4	-750	-2584.96384926988	55	0	0	55.2
8.9	4	-750	-2595.06996846506	55	0	0	55.2
9	4	-750	-2604.29755742146	55	0	0	55.2
9.1	4	-750	-2612.64016504601	55	0	0	55.2
9.2	4	-750	-2620.09157060542	55	0	0	55.2
9.3	4	-750	-2626.64578821419	55	0	0	55.2
9.4	4	-750	-2632.29707135055	55	0	0	55.2
9.5	4	-750	-2637.03991739897	55	0	0	55.2
9.6	4	-750	-2640.86907221723	55	0	0	55.2
9.7	4	-750	-2643.77953472642	55	0	0	55.2
9.8	4	-750	-2645.76656152178	55	0	0	55.2
9.9	4	-750	-2646.82567150249	55	0	0	55.2
10	4	-750	-2646.95265051821	55	0	0	55.2
10.1	4	-750	-2646.1435560302	55	0	0	55.2
10.2	4	-750	-2644.39472178477	55	0	0	55.2
10.3	4	-750	-2641.7027624966	55	0	0	55.2
10.4	4	-750	-2638.06457853948	55	0	0	55.2
10.5	4	-750	-2633.47736064193	55	0	0	55.2
10.6	4	-750	-2627.9385945849	55	0	0	55.2
10.7	4	-750	-2621.446065899	55	0	0	55.2
10.8	4	-750	-2613.99786455807	55	0	0	55.2
10.9	4	-750	-2605.59238966649	55	0	0	55.2
11	4	-750	-2596.22835413676	55	0	0	55.2
11.1	4	-750	-2585.90478935455	55	0	0	55.2
11.2	4	-750	-2574.62104982763	55	0	0	55.2
11.3	4	-750	-2562.37681781555	55	0	0	55.2
11.4	4	-750	-2549.17210793641	55	0	0	55.2
11.5	4	-750	-2535.00727174718	55	0	0	55.2
11.6	4	-750	-2519.88300229401	55	0	0	55.2
11.7	4	-750	-2503.80033862848	55	0	0	55.2
11.8	4	-750	-2486.76067028618	55	0	0	55.2
11.9	4	-750	-2468.76574172339	55	0	0	55.2
12	4	-750	-2449.81765670788	55	0	0	55.2
-12.1	0	-1500	3608.00099234071	55	0	0	55.2
-12	0	-1500	3655.65506092122	55	0	0	55.2
-11.9	0	-1500	3702.19548655156	55	0	0	55.2
-11.8	0	-1500	3747.60515546664	55	0	0	55.2
-11.7	0	-1500	3791.86728700749	55	0	0	55.2
-11.6	0	-1500	3834.96544117591	55	0	0	55.2
-11.5	0	-1500	3876.8835260882	55	0	0	55.2
-11.4	0	-1500	3917.60580532418	55	0	0	55.2
-11.3	0	-1500	3957.11690516743	55	0	0	55.2
-11.2	0	-1500	3995.40182173312	55	0	0	55.2
-11.1	0	-1500	4032.44592797932	55	0	0	55.2
-11	0	-1500	4068.23498059823	55	0	0	55.2
-10.9	0	-1500	4102.75512678342	55	0	0	55.2
-10.8	0	-1500	4135.99291086937	55	0	0	55.2
-10.7	0	-1500	4167.93528083977	55	0	0	55.2
-10.6	0	-1500	4198.5695947007	55	0	0	55.2
-10.5	0	-1500	4227.88362671534	55	0	0	55.2
-10.4	0	-1500	4255.86557349646	55	0	0	55.2
-10.3	0	-1500	4282.50405995341	55	0	0	55.2
-10.2	0	-1500	4307.78814508993	55	0	0	55.2
-10.1	0	-1500	4331.70732764966	55	0	0	55.2
-10	0	-1500	4354.25155160573	55	0	0	55.2
-9.9	0	-1500	4375.4112114915	55	0	0	55.2
-9.8	0	-1500	4395.1771575689	55	0	0	55.2
-9.7	0	-1500	4413.54070083152	55	0	0	55.2
-9.6	0	-1500	4430.49361783917	55	0	0	55.2
-9.5	0	-1500	4446.02815538107	55	0	0	55.2
-9.4	0	-1500	4460.13703496454	55	0	0	55.2
-9.3	0	-1500	4472.81345712658	55	0	0	55.2
-9.2	0	-1500	4484.05110556531	55	0	0	55.2
-9.1	0	-1500	4493.84415108866	55	0	0	55.2
-9	0	-1500	4502.18725537777	55	0	0	55.2
-8.9	0	-1500	4509.07557456237	55	0	0	55.2
-8.8	0	-1500	4514.50476260577	55	0	0	55.2
-8.7	0	-1500	4518.47097449711	55	0	0	55.2
-8.6	0	-1500	4520.97086924843	55	0	0	55.2
-8.5	0	-1500	4522.00161269457	55	0	0	55.2
-8.4	0	-1500	4521.56088009346	55	0	0	55.2
-8.3	0	-1500	4519.64685852515	55	0	0	55.2
-8.2	0	-1500	4516.25824908729	55	0	0	55.2
-8.1	0	-1500	4511.39426888541	55	0	0	55.2
-8	0	-1500	4505.05465281626	55	0	0	55.2
-7.9	0	-1500	4497.2396551424	55	0	0	55.2
-7.8	0	-1500	4487.9500508567	55	0	0	55.2
-7.7	0	-1500	4477.18713683505	55	0	0	55.2
-7.6	0	-1500	4464.95273277621	55	0	0	55.2
-7.5	0	-1500	4451.24918192723	55	0	0	55.2
-7.4	0	-1500	4436.07935159365	55	0	0	55.2
-7.3	0	-1500	4419.44663343303	55	0	0	55.2
-7.2	0	-1500	4401.35494353129	55	0	0	55.2
-7.1	0	-1500	4381.8087222607	55	0	0	55.2
-7	0	-1500	4360.81293391898	55	0	0	55.2
-6.9	0	-1500	4338.37306614879	55	0	0	55.2
-6.8	0	-1500	4314.49512913725	55	0	0	55.2
-6.7	0	-1500	4289.18565459491	55	0	0	55.2
-6.6	0	-1500	4262.45169451401	55	0	0	55.2
-6.5	0	-1500	4234.30081970585	55	0	0	55.2
-6.4	0	-1500	4204.74111811713	55	0	0	55.2
-6.3	0	-1500	4173.78119292545	55	0	0	55.2
-6.2	0	-1500	4141.43016041397	55	0	0	55.2
-6.1	0	-1500	4107.69764762561	55	0	0	55.2
-6	0	-1500	4072.59378979724	55	0	0	55.2
-5.9	0	-1500	4036.12922757416	55	0	0	55.2
-5.8	0	-1500	3998.31510400572	55	0	0	55.2
-5.7	0	-1500	3959.16306132269	55	0	0	55.2
-5.6	0	-1500	3918.68523749717	55	0	0	55.2
-5.5	0	-1500	3876.89426258625	55	0	0	55.2
-5.4	0	-1500	3833.80325486013	55	0	0	55.2
-5.3	0	-1500	3789.42581671623	55	0	0	55.2
-5.2	0	-1500	3743.77603038038	55	0	0	55.2
-5.1	0	-1500	3696.8684533966	55	0	0	55.2
-5	0	-1500	3648.71811390691	55	0	0	55.2
-4.9	0	-1500	3599.34050572298	55	0	0	55.2
-4.8	0	-1500	3548.75158319115	55	0	0	55.2
-4.7	0	-1500	3496.96775585285	55	0	0	55.2
-4.6	0	-1500	3444.00588290229	55	0	0	55.2
-4.5	0	-1500	3389.88326744362	55	0	0	55.2
-4.4	0	-1500	3334.61765054958	55	0	0	55.2
-4.3	0	-1500	3278.22720512407	55	0	0	55.2
-4.2	0	-1500	3220.73052957102	55	0	0	55.2
-4.1	0	-1500	3162.14664127201	55	0	0	55.2
-4	0	-1500	3102.49496987533	55	0	0	55.2
-3.9	0	-1500	3041.79535039913	55	0	0	55.2
-3.8	0	-1500	2980.06801615152	55	0	0	55.2
-3.7	0	-1500	2917.33359147049	55	0	0	55.2
-3.6	0	-1500	2853.61308428677	55	0	0	55.2
-3.5	0	-1500	2788.92787851262	55	0	0	55.2
-3.4	0	-1500	2723.29972625978	55	0	0	55.2
-3.3	0	-1500	2656.75073989003	55	0	0	55.2
-3.2	0	-1500	2589.30338390152	55	0	0	55.2
-3.1	0	-1500	2520.98046665458	55	0	0	55.2
-3	0	-1500	2451.80513194041	55	0	0	55.2
-2.9	0	-1500	2381.80085039649	55	0	0	55.2
-2.8	0	-1500	2310.99141077227	55	0	0	55.2
-2.7	0	-1500	2239.40091104911	55	0	0	55.2
-2.6	0	-1500	2167.0537494184	55	0	0	55.2
-2.5	0	-1500	2093.97461512166	55	0	0	55.2
-2.4	0	-1500	2020.18847915698	55	0	0	55.2
-2.3	0	-1500	1945.72058485568	55	0	0	55.2
-2.2	0	-1500	1870.59643833361	55	0	0	55.2
-2.1	0	-1500	1794.84179882123	55	0	0	55.2
-2	0	-1500	1718.48266887692	55	0	0	55.2
-1.9	0	-1500	1641.54528448794	55	0	0	55.2
-1.8	0	-1500	1564.05610506342	55	0	0	55.2
-1.7	0	-1500	1486.04180332413	55	0	0	55.2
-1.6	0	-1500	1407.52925509342	55	0	0	55.2
-1.5	0	-1500	1328.54552899408	55	0	0	55.2
-1.4	0	-1500	1249.11787605598	55	0	0	55.2
-1.3	0	-1500	1169.27371923891	55	0	0	55.2
-1.2	0	-1500	1089.04064287584	55	0	0	55.2
-1.1	0	-1500	1008.4463820411	55	0	0	55.2
-0.999999999999998	0	-1500	927.518811848685	55	0	0	55.2
-0.899999999999999	0	-1500	846.285936685348	55	0	0	55.2
-0.799999999999999	0	-1500	764.775879383695	55	0	0	55.2
-0.699999999999999	0	-1500	683.016870340139	55	0	0	55.2
-0.6	0	-1500	601.037236582832	55	0	0	55.2
-0.499999999999998	0	-1500	518.865390794612	55	0	0	55.2
-0.399999999999999	0	-1500	436.529820296089	55	0	0	55.2
-0.299999999999999	0	-1500	354.059075993957	55	0	0	55.2
-0.199999999999999	0	-1500	271.48176129971	55	0	0	55.2
-0.0999999999999996	0	-1500	188.826521023886	55	0	0	55.2
1.77635683940025e-15	0	-1500	106.122030251031	55	0	0	55.2
0.100000000000001	0	-1500	23.3969830353986	55	0	0	55.2
0.200000000000001	0	-1500	-59.3199332050191	55	0	0	55.2
0.300000000000001	0	-1500	-142.000060062249	55	0	0	55.2
0.4	0	-1500	-224.614755906104	55	0	0	55.2
0.500000000000002	0	-1500	-307.135404224753	55	0	0	55.2
0.600000000000001	0	-1500	-389.533424607962	55	0	0	55.2
0.700000000000001	0	-1500	-471.780283713936	55	0	0	55.2
0.800000000000001	0	-1500	-553.847506214772	55	0	0	55.2
0.9	0	-1500	-635.706685715554	55	0	0	55.2
1	0	-1500	-717.329495642137	55	0	0	55.2
1.1	0	-1500	-798.687700092678	55	0	0	55.2
1.2	0	-1500	-879.753164648015	55	0	0	55.2
1.3	0	-1500	-960.497867135961	55	0	0	55.2
1.4	0	-1500	-1040.89390834469	55	0	0	55.2
1.5	0	-1500	-1120.91352268033	55	0	0	55.2
1.6	0	-1500	-1200.52908876398	55	0	0	55.2
1.7	0	-1500	-1279.71313996337	55	0	0	55.2
1.8	0	-1500	-1358.43837485441	55	0	0	55.2
1.9	0	-1500	-1436.67766760792	55	0	0	55.2
2	0	-1500	-1514.40407829689	55	0	0	55.2
2.1	0	-1500	-1591.59086311971	55	0	0	55.2
2.2	0	-1500	-1668.21148453461	55	0	0	55.2
2.3	0	-1500	-1744.23962130105	55	0	0	55.2
2.4	0	-1500	-1819.64917842334	55	0	0	55.2
2.5	0	-1500	-1894.41429699226	55	0	0	55.2
2.6	0	-1500	-1968.50936392016	55	0	0	55.2
2.7	0	-1500	-2041.90902156536	55	0	0	55.2
2.8	0	-1500	-2114.58817724153	55	0	0	55.2
2.9	0	-1500	-2186.52201260788	55	0	0	55.2
3	0	-1500	-2257.68599293605	55	0	0	55.2
3.1	0	-1500	-2328.05587624965	55	0	0	55.2
3.2	0	-1500	-2397.60772233246	55	0	0	55.2
3.3	0	-1500	-2466.31790160137	55	0	0	55.2
3.4	0	-1500	-2534.16310384025	55	0	0	55.2
3.5	0	-1500	-2601.12034679094	55	0	0	55.2
3.6	0	-1500	-2667.16698459774	55	0	0	55.2
3.7	0	-1500	-2732.28071610168	55	0	0	55.2
3.8	0	-1500	-2796.43959298123	55	0	0	55.2
3.9	0	-1500	-2859.62202773577	55	0	0	55.2
4	0	-1500	-2921.80680150868	55	0	0	55.2
4.1	0	-1500	-2982.97307174661	55	0	0	55.2
4.2	0	-1500	-3043.10037969187	55	0	0	55.2
4.3	0	-1500	-3102.16865770474	55	0	0	55.2
4.4	0	-1500	-3160.15823641277	55	0	0	55.2
4.5	0	-1500	-3217.04985168408	55	0	0	55.2
4.6	0	-1500	-3272.824651422	55	0	0	55.2
4.7	0	-1500	-3327.46420217803	55	0	0	55.2
4.8	0	-1500	-3380.95049558085	55	0	0	55.2
4.9	0	-1500	-3433.26595457856	55	0	0	55.2
5	0	-1500	-3484.39343949185	55	0	0	55.2
5.1	0	-1500	-3534.31625387575	55	0	0	55.2
5.2	0	-1500	-3583.01815018773	55	0	0	55.2
5.3	0	-1500	-3630.48333525994	55	0	0	55.2
5.4	0	-1500	-3676.69647557375	55	0	0	55.2
5.5	0	-1500	-3721.64270233439	55	0	0	55.2
5.6	0	-1500	-3765.30761634415	55	0	0	55.2
5.7	0	-1500	-3807.67729267218	55	0	0	55.2
5.8	0	-1500	-3848.73828511949	55	0	0	55.2
5.9	0	-1500	-3888.47763047746	55	0	0	55.2
6	0	-1500	-3926.88285257857	55	0	0	55.2
6.1	0	-1500	-3963.94196613806	55	0	0	55.2
6.2	0	-1500	-3999.64348038525	55	0	0	55.2
6.3	0	-1500	-4033.97640248353	55	0	0	55.2
6.4	0	-1500	-4066.930240738	55	0	0	55.2
6.5	0	-1500	-4098.49500758993	55	0	0	55.2
6.6	0	-1500	-4128.66122239726	55	0	0	55.2
6.7	0	-1500	-4157.41991400046	55	0	0	55.2
6.8	0	-1500	-4184.76262307334	55	0	0	55.2
6.9	0	-1500	-4210.6814042582	55	0	0	55.2
7	0	-1500	-4235.16882808515	55	0	0	55.2
7.1	0	-1500	-4258.21798267535	55	0	0	55.2
7.2	0	-1500	-4279.82247522792	55	0	0	55.2
7.3	0	-1500	-4299.97643329079	55	0	0	55.2
7.4	0	-1500	-4318.6745058153	55	0	0	55.2
7.5	0	-1500	-4335.91186399507	55	0	0	55.2
7.6	0	-1500	-4351.68420188911	55	0	0	55.2
7.7	0	-1500	-4365.98773682991	55	0	0	55.2
7.8	0	-1500	-4378.8192096169	55	0	0	55.2
7.9	0	-1500	-4390.1758844958	55	0	0	55.2
8	0	-1500	-4400.05554892486	55	0	0	55.2
8.1	0	-1500	-4408.45651312855	55	0	0	55.2
8.2	0	-1500	-4415.37760943987	55	0	0	55.2
8.3	0	-1500	-4420.81819143212	55	0	0	55.2
8.4	0	-1500	-4424.77813284141	55	0	0	55.2
8.5	0	-1500	-4427.25782628106	55	0	0	55.2
8.6	0	-1500	-4428.25818174927	55	0	0	55.2
8.7	0	-1500	-4427.78062493148	55	0	0	55.2
8.8	0	-1500	-4425.82709529893	55	0	0	55.2
8.9	0	-1500	-4422.40004400499	55	0	0	55.2
9	0	-1500	-4417.50243158109	55	0	0	55.2
9.1	0	-1500	-4411.13772543393	55	0	0	55.2
9.2	0	-1500	-4403.30989714595	55	0	0	55.2
9.3	0	-1500	-4394.02341958089	55	0	0	55.2
9.4	0	-1500	-4383.28326379676	55	0	0	55.2
9.5	0	-1500	-4371.09489576804	55	0	0	55.2
9.6	0	-1500	-4357.46427291968	55	0	0	55.2
9.7	0	-1500	-4342.39784047489	55	0	0	55.2
9.8	0	-1500	-4325.90252761937	55	0	0	55.2
9.9	0	-1500	-4307.98574348435	55	0	0	55.2
10	0	-1500	-4288.6553729509	55	0	0	55.2
10.1	0	-1500	-4267.91977227831	55	0	0	55.2
10.2	0	-1500	-4245.78776455913	55	0	0	55.2
10.3	0	-1500	-4222.26863500359	55	0	0	55.2
10.4	0	-1500	-4197.37212605639	55	0	0	55.2
10.5	0	-1500	-4171.10843234861	55	0	0	55.2
10.6	0	-1500	-4143.48819548778	55	0	0	55.2
10.7	0	-1500	-4114.52249868918	55	0	0	55.2
10.8	0	-1500	-4084.22286125135	55	0	0	55.2
10.9	0	-1500	-4052.60123287911	55	0	0	55.2
11	0	-1500	-4019.66998785715	55	0	0	55.2
11.1	0	-1500	-3985.4419190776	55	0	0	55.2
11.2	0	-1500	-3949.93023192482	55	0	0	55.2
11.3	0	-1500	-3913.14853802072	55	0	0	55.2
11.4	0	-1500	-3875.11084883423	55	0	0	55.2
11.5	0	-1500	-3835.83156915818	55	0	0	55.2
11.6	0	-1500	-3795.32549045723	55	0	0	55.2
11.7	0	-1500	-3753.60778409032	55	0	0	55.2
11.8	0	-1500	-3710.69399441135	55	0	0	55.2
11.9	0	-1500	-3666.60003175159	55	0	0	55.2
12	0	-1500	-3621.34216528761	55	0	0	55.2
-12.1	4	-1500	3505.25828824635	55	0	0	55.2
-12	4	-1500	3552.84336677262	55	0	0	55.2
-11.9	4	-1500	3599.83302816735	55	0	0	55.2
-11.8	4	-1500	3646.20452312886	55	0	0	55.2
-11.7	4	-1500	3691.93505913457	55	0	0	55.2
-11.6	4	-1500	3737.00181273612	55	0	0	55.2
-11.5	4	-1500	3781.38194209331	55	0	0	55.2
-11.4	4	-1500	3825.05259974025	55	0	0	55.2
-11.3	4	-1500	3867.99094557688	55	0	0	55.2
-11.2	4	-1500	3910.17416007864	55	0	0	55.2
-11.1	4	-1500	3951.57945771672	55	0	0	55.2
-11	4	-1500	3992.18410058091	55	0	0	55.2
-10.9	4	-1500	4031.965412197	55	0	0	55.2
-10.8	4	-1500	4070.90079152974	55	0	0	55.2
-10.7	4	-1500	4108.96772716299	55	0	0	55.2
-10.6	4	-1500	4146.14381164718	55	0	0	55.2
-10.5	4	-1500	4182.40675600501	55	0	0	55.2
-10.4	4	-1500	4217.73440438509	55	0	0	55.2
-10.3	4	-1500	4252.10474885359	55	0	0	55.2
-10.2	4	-1500	4285.49594431308	55	0	0	55.2
-10.1	4	-1500	4317.88632353788	55	0	0	55.2
-10	4	-1500	4349.25441231478	55	0	0	55.2
-9.9	4	-1500	4379.57894467752	55	0	0	55.2
-9.8	4	-1500	4408.8388782235	55	0	0	55.2
-9.7	4	-1500	4437.01340950055	55	0	0	55.2
-9.6	4	-1500	4464.08198945166	55	0	0	55.2
-9.5	4	-1500	4490.02433890493	55	0	0	55.2
-9.4	4	-1500	4514.82046409623	55	0	0	55.2
-9.3	4	-1500	4538.45067221132	55	0	0	55.2
-9.2	4	-1500	4560.8955869343	55	0	0	55.2
-9.1	4	-1500	4582.13616398901	55	0	0	55.2
-9	4	-1500	4602.15370665964	55	0	0	55.2
-8.9	4	-1500	4620.92988127667	55	0	0	55.2
-8.8	4	-1500	4638.4467326543	55	0	0	55.2
-8.7	4	-1500	4654.68669946504	55	0	0	55.2
-8.6	4	-1500	4669.63262953718	55	0	0	55.2
-8.5	4	-1500	4683.2677950607	55	0	0	55.2
-8.4	4	-1500	4695.57590768707	55	0	0	55.2
-8.3	4	-1500	4706.54113350817	55	0	0	55.2
-8.2	4	-1500	4716.14810789966	55	0	0	55.2
-8.1	4	-1500	4724.38195021389	55	0	0	55.2
-8	4	-1500	4731.22827830746	55	0	0	55.2
-7.9	4	-1500	4736.67322288854	55	0	0	55.2
-7.8	4	-1500	4740.70344166895	55	0	0	55.2
-7.7	4	-1500	4743.30613330598	55	0	0	55.2
-7.6	4	-1500	4744.46905111912	55	0	0	55.2
-7.5	4	-1500	4744.18051656668	55	0	0	55.2
-7.4	4	-1500	4742.42943246737	55	0	0	55.2
-7.3	4	-1500	4739.20529595222	55	0	0	55.2
-7.2	4	-1500	4734.49821113191	55	0	0	55.2
-7.1	4	-1500	4728.29890146494	55	0	0	55.2
-7	4	-1500	4720.59872181218	55	0	0	55.2
-6.9	4	-1500	4711.38967016343	55	0	0	55.2
-6.8	4	-1500	4700.66439902169	55	0	0	55.2
-6.7	4	-1500	4688.4162264312	55	0	0	55.2
-6.6	4	-1500	4674.63914663536	55	0	0	55.2
-6.5	4	-1500	4659.32784035096	55	0	0	55.2
-6.4	4	-1500	4642.47768464523	55	0	0	55.2
-6.3	4	-1500	4624.08476240276	55	0	0	55.2
-6.2	4	-1500	4604.14587136916	55	0	0	55.2
-6.1	4	-1500	4582.65853275916	55	0	0	55.2
-6	4	-1500	4559.62099941664	55	0	0	55.2
-5.9	4	-1500	4535.03226351485	55	0	0	55.2
-5.8	4	-1500	4508.89206378508	55	0	0	55.2
-5.7	4	-1500	4481.20089226262	55	0	0	55.2
-5.6	4	-1500	4451.96000053907	55	0	0	55.2
-5.5	4	-1500	4421.1714055107	55	0	0	55.2
-5.4	4	-1500	4388.83789461263	55	0	0	55.2
-5.3	4	-1500	4354.96303052927	55	0	0	55.2
-5.2	4	-1500	4319.55115537195	55	0	0	55.2
-5.1	4	-1500	4282.6073943149	55	0	0	55.2
-5	4	-1500	4244.13765868133	55	0	0	55.2
-4.9	4	-1500	4204.14864847207	55	0	0	55.2
-4.8	4	-1500	4162.64785432922	55	0	0	55.2
-4.7	4	-1500	4119.64355892838	55	0	0	55.2
-4.6	4	-1500	4075.14483779308	55	0	0	55.2
-4.5	4	-1500	4029.16155952581	55	0	0	55.2
-4.4	4	-1500	3981.7043854507	55	0	0	55.2
-4.3	4	-1500	3932.78476866304	55	0	0	55.2
-4.2	4	-1500	3882.414952482	55	0	0	55.2
-4.1	4	-1500	3830.60796830301	55	0	0	55.2
-4	4	-1500	3777.37763284706	55	0	0	55.2
-3.9	4	-1500	3722.73854480487	55	0	0	55.2
-3.8	4	-1500	3666.70608087421	55	0	0	55.2
-3.7	4	-1500	3609.2963911897	55	0	0	55.2
-3.6	4	-1500	3550.52639414446	55	0	0	55.2
-3.5	4	-1500	3490.41377060434	55	0	0	55.2
-3.4	4	-1500	3428.97695751529	55	0	0	55.2
-3.3	4	-1500	3366.23514090585	55	0	0	55.2
-3.2	4	-1500	3302.20824828673	55	0	0	55.2
-3.1	4	-1500	3236.91694045057	55	0	0	55.2
-3	4	-1500	3170.3826026753	55	0	0	55.2
-2.9	4	-1500	3102.62733533535	55	0	0	55.2
-2.8	4	-1500	3033.67394392549	55	0	0	55.2
-2.7	4	-1500	2963.54592850285	55	0	0	55.2
-2.6	4	-1500	2892.2674725532	55	0	0	55.2
-2.5	4	-1500	2819.86343128812	55	0	0	55.2
-2.4	4	-1500	2746.35931938071	55	0	0	55.2
-2.3	4	-1500	2671.78129814762	55	0	0	55.2
-2.2	4	-1500	2596.15616218612	55	0	0	55.2
-2.1	4	-1500	2519.51132547542	55	0	0	55.2
-2	4	-1500	2441.87480695224	55	0	0	55.2
-1.9	4	-1500	2363.27521557087	55	0	0	55.2
-1.8	4	-1500	2283.74173485891	55	0	0	55.2
-1.7	4	-1500	2203.30410698027	55	0	0	55.2
-1.6	4	-1500	2121.99261631763	55	0	0	55.2
-1.5	4	-1500	2039.83807258708	55	0	0	55.2
-1.4	4	-1500	1956.87179349826	55	0	0	55.2
-1.3	4	-1500	1873.12558697377	55	0	0	55.2
-1.2	4	-1500	1788.63173294224	55	0	0	55.2
-1.1	4	-1500	1703.42296471984	55	0	0	55.2
-0.999999999999998	4	-1500	1617.53244999555	55	0	0	55.2
-0.899999999999999	4	-1500	1530.99377143599	55	0	0	55.2
-0.799999999999999	4	-1500	1443.84090692597	55	0	0	55.2
-0.699999999999999	4	-1500	1356.10820946152	55	0	0	55.2
-0.6	4	-1500	1267.83038671238	55	0	0	55.2
-0.499999999999998	4	-1500	1179.04248027144	55	0	0	55.2
-0.399999999999999	4	-1500	1089.77984460892	55	0	0	55.2
-0.299999999999999	4	-1500	1000.07812574962	55	0	0	55.2
-0.199999999999999	4	-1500	909.973239691517	55	0	0	55.2
-0.0999999999999996	4	-1500	819.501350584713	55	0	0	55.2
1.77635683940025e-15	4	-1500	728.698848689824	55	0	0	55.2
0.100000000000001	4	-1500	637.6023281351	55	0	0	55.2
0.200000000000001	4	-1500	546.248564491952	55	0	0	55.2
0.300000000000001	4	-1500	454.67449218871	55	0	0	55.2
0.4	4	-1500	362.917181782648	55	0	0	55.2
0.500000000000002	4	-1500	271.013817110438	55	0	0	55.2
0.600000000000001	4	-1500	179.001672337434	55	0	0	55.2
0.700000000000001	4	-1500	86.9180889261872	55	0	0	55.2
0.800000000000001	4	-1500	-5.1995479666025	55	0	0	55.2
0.9	4	-1500	-97.3147481661158	55	0	0	55.2
1	4	-1500	-189.393825477084	55	0	0	55.2
1.1	4	-1500	-281.403636687665	55	0	0	55.2
1.2	4	-1500	-373.311053117074	55	0	0	55.2
1.3	4	-1500	-465.082967576836	55	0	0	55.2
1.4	4	-1500	-556.686301340667	55	0	0	55.2
1.5	4	-1500	-648.088011125736	55	0	0	55.2
1.6	4	-1500	-739.255096088065	55	0	0	55.2
1.7	4	-1500	-830.15460483485	55	0	0	55.2
1.8	4	-1500	-920.753642456378	55	0	0	55.2
1.9	4	-1500	-1011.01937758031	55	0	0	55.2
2	4	-1500	-1100.91904945095	55	0	0	55.2
2.1	4	-1500	-1190.41997503625	55	0	0	55.2
2.2	4	-1500	-1279.48955616509	55	0	0	55.2
2.3	4	-1500	-1368.09528669749	55	0	0	55.2
2.4	4	-1500	-1456.20475973032	55	0	0	55.2
2.5	4	-1500	-1543.785674841	55	0	0	55.2
2.6	4	-1500	-1630.80584537172	55	0	0	55.2
2.7	4	-1500	-1717.23320575661	55	0	0	55.2
2.8	4	-1500	-1803.03581889422	55	0	0	55.2
2.9	4	-1500	-1888.18188356777	55	0	0	55.2
3	4	-1500	-1972.63974191531	55	0	0	55.2
3.1	4	-1500	-2056.37788695216	55	0	0	55.2
3.2	4	-1500	-2139.36497014776	55	0	0	55.2
3.3	4	-1500	-2221.56980905904	55	0	0	55.2
3.4	4	-1500	-2302.96139502243	55	0	0	55.2
3.5	4	-1500	-2383.50890090639	55	0	0	55.2
3.6	4	-1500	-2463.18168892649	55	0	0	55.2
3.7	4	-1500	-2541.94931852483	55	0	0	55.2
3.8	4	-1500	-2619.78155431558	55	0	0	55.2
3.9	4	-1500	-2696.64837409826	55	0	0	55.2
4	4	-1500	-2772.51997694052	55	0	0	55.2
4.1	4	-1500	-2847.36679133177	55	0	0	55.2
4.2	4	-1500	-2921.15948340919	55	0	0	55.2
4.3	4	-1500	-2993.86896525737	55	0	0	55.2
4.4	4	-1500	-3065.46640328296	55	0	0	55.2
4.5	4	-1500	-3135.92322666524	55	0	0	55.2
4.6	4	-1500	-3205.21113588388	55	0	0	55.2
4.7	4	-1500	-3273.30211132464	55	0	0	55.2
4.8	4	-1500	-3340.16842196394	55	0	0	55.2
4.9	4	-1500	-3405.78263413287	55	0	0	55.2
5	4	-1500	-3470.11762036146	55	0	0	55.2
5.1	4	-1500	-3533.14656830327	55	0	0	55.2
5.2	4	-1500	-3594.8429897412	55	0	0	55.2
5.3	4	-1500	-3655.18072967411	55	0	0	55.2
5.4	4	-1500	-3714.13397548486	55	0	0	55.2
5.5	4	-1500	-3771.67726618938	55	0	0	55.2
5.6	4	-1500	-3827.78550176673	55	0	0	55.2
5.7	4	-1500	-3882.43395256976	55	0	0	55.2
5.8	4	-1500	-3935.59826881593	55	0	0	55.2
5.9	4	-1500	-3987.25449015759	55	0	0	55.2
6	4	-1500	-4037.37905533101	55	0	0	55.2
6.1	4	-1500	-4085.94881188324	55	0	0	55.2
6.2	4	-1500	-4132.94102597555	55	0	0	55.2
6.3	4	-1500	-4178.33339226241	55	0	0	55.2
6.4	4	-1500	-4222.10404384438	55	0	0	55.2
6.5	4	-1500	-4264.23156229351	55	0	0	55.2
6.6	4	-1500	-4304.69498774924	55	0	0	55.2
6.7	4	-1500	-4343.47382908307	55	0	0	55.2
6.8	4	-1500	-4380.54807412979	55	0	0	55.2
6.9	4	-1500	-4415.89819998287	55	0	0	55.2
7	4	-1500	-4449.50518335167	55	0	0	55.2
7.1	4	-1500	-4481.35051097767	55	0	0	55.2
7.2	4	-1500	-4511.41619010681	55	0	0	55.2
7.3	4	-1500	-4539.68475901496	55	0	0	55.2
7.4	4	-1500	-4566.13929758315	55	0	0	55.2
7.5	4	-1500	-4590.76343791913	55	0	0	55.2
7.6	4	-1500	-4613.54137502143	55	0	0	55.2
7.7	4	-1500	-4634.45787748223	55	0	0	55.2
7.8	4	-1500	-4653.49829822472	55	0	0	55.2
7.9	4	-1500	-4670.6485852707	55	0	0	55.2
8	4	-1500	-4685.89529253386	55	0	0	55.2
8.1	4	-1500	-4699.22559063396	55	0	0	55.2
8.2	4	-1500	-4710.62727772685	55	0	0	55.2
8.3	4	-1500	-4720.08879034519	55	0	0	55.2
8.4	4	-1500	-4727.59921424431	55	0	0	55.2
8.5	4	-1500	-4733.14829524761	55	0	0	55.2
8.6	4	-1500	-4736.7264500855	55	0	0	55.2
8.7	4	-1500	-4738.32477722172	55	0	0	55.2
8.8	4	-1500	-4737.93506766066	55	0	0	55.2
8.9	4	-1500	-4735.54981572907	55	0	0	55.2
9	4	-1500	-4731.16222982511	55	0	0	55.2
9.1	4	-1500	-4724.76624312787	55	0	0	55.2
9.2	4	-1500	-4716.35652425973	55	0	0	55.2
9.3	4	-1500	-4705.92848789407	55	0	0	55.2
9.4	4	-1500	-4693.47830530045	55	0	0	55.2
9.5	4	-1500	-4679.00291481909	55	0	0	55.2
9.6	4	-1500	-4662.50003225635	55	0	0	55.2
9.7	4	-1500	-4643.96816119251	55	0	0	55.2
9.8	4	-1500	-4623.40660319308	55	0	0	55.2
9.9	4	-1500	-4600.81546791441	55	0	0	55.2
10	4	-1500	-4576.19568309434	55	0	0	55.2
10.1	4	-1500	-4549.54900441826	55	0	0	55.2
10.2	4	-1500	-4520.87802525058	55	0	0	55.2
10.3	4	-1500	-4490.18618622175	55	0	0	55.2
10.4	4	-1500	-4457.47778466023	55	0	0	55.2
10.5	4	-1500	-4422.75798385898	55	0	0	55.2
10.6	4	-1500	-4386.03282216558	55	0	0	55.2
10.7	4	-1500	-4347.30922188483	55	0	0	55.2
10.8	4	-1500	-4306.59499798268	55	0	0	55.2
10.9	4	-1500	-4263.89886657974	55	0	0	55.2
11	4	-1500	-4219.23045322277	55	0	0	55.2
11.1	4	-1500	-4172.60030092205	55	0	0	55.2
11.2	4	-1500	-4124.0198779424	55	0	0	55.2
11.3	4	-1500	-4073.50158533542	55	0	0	55.2
11.4	4	-1500	-4021.05876420038	55	0	0	55.2
11.5	4	-1500	-3966.70570266065	55	0	0	55.2
11.6	4	-1500	-3910.4576425429	55	0	0	55.2
11.7	4	-1500	-3852.33078574558	55	0	0	55.2
11.8	4	-1500	-3792.34230028328	55	0	0	55.2
11.9	4	-1500	-3730.51032599345	55	0	0	55.2
12	4	-1500	-3666.85397989137	55	0	0	55.2
