ABC Data
SA	IA	FZ	FY	TSTC	FX	SR	P
s	deg	N	N	N	C	-	KPa
-12	0	-250	823.827388033003	55	0	0	82.7
-11.9	0	-250	830.489232687123	55	0	0	82.7
-11.8	0	-250	836.952914508833	55	0	0	82.7
-11.7	0	-250	843.216502977753	55	0	0	82.7
-11.6	0	-250	849.278113772723	55	0	0	82.7
-11.5	0	-250	855.135909488977	55	0	0	82.7
-11.4	0	-250	860.788100343729	55	0	0	82.7
-11.3	0	-250	866.232944869859	55	0	0	82.7
-11.2	0	-250	871.468750597394	55	0	0	82.7
-11.1	0	-250	876.49387472247	55	0	0	82.7
-11	0	-250	881.306724763485	55	0	0	82.7
-10.9	0	-250	885.90575920413	55	0	0	82.7
-10.8	0	-250	890.289488123011	55	0	0	82.7
-10.7	0	-250	894.456473809568	55	0	0	82.7
-10.6	0	-250	898.405331366007	55	0	0	82.7
-10.5	0	-250	902.134729294949	55	0	0	82.7
-10.4	0	-250	905.643390072532	55	0	0	82.7
-10.3	0	-250	908.930090706682	55	0	0	82.7
-10.2	0	-250	911.993663280276	55	0	0	82.7
-10.1	0	-250	914.832995478948	55	0	0	82.7
-10	0	-250	917.44703110326	55	0	0	82.7
-9.9	0	-250	919.83477056499	55	0	0	82.7
-9.8	0	-250	921.995271367279	55	0	0	82.7
-9.7	0	-250	923.9276485684	55	0	0	82.7
-9.6	0	-250	925.6310752289	55	0	0	82.7
-9.5	0	-250	927.104782841882	55	0	0	82.7
-9.4	0	-250	928.348061746196	55	0	0	82.7
-9.3	0	-250	929.360261522319	55	0	0	82.7
-9.2	0	-250	930.140791370697	55	0	0	82.7
-9.1	0	-250	930.689120472347	55	0	0	82.7
-9	0	-250	931.004778331505	55	0	0	82.7
-8.9	0	-250	931.087355100127	55	0	0	82.7
-8.8	0	-250	930.936501884034	55	0	0	82.7
-8.7	0	-250	930.551931030538	55	0	0	82.7
-8.6	0	-250	929.933416397348	55	0	0	82.7
-8.5	0	-250	929.080793602593	55	0	0	82.7
-8.4	0	-250	927.993960255785	55	0	0	82.7
-8.3	0	-250	926.672876169579	55	0	0	82.7
-8.2	0	-250	925.117563552154	55	0	0	82.7
-8.1	0	-250	923.328107180096	55	0	0	82.7
-8	0	-250	921.304654551614	55	0	0	82.7
-7.9	0	-250	919.047416019987	55	0	0	82.7
-7.8	0	-250	916.556664907098	55	0	0	82.7
-7.7	0	-250	913.832737596947	55	0	0	82.7
-7.6	0	-250	910.876033609033	55	0	0	82.7
-7.5	0	-250	907.687015651502	55	0	0	82.7
-7.4	0	-250	904.266209653973	55	0	0	82.7
-7.3	0	-250	900.614204779951	55	0	0	82.7
-7.2	0	-250	896.731653418751	55	0	0	82.7
-7.1	0	-250	892.619271156865	55	0	0	82.7
-7	0	-250	888.27783672871	55	0	0	82.7
-6.9	0	-250	883.708191946702	55	0	0	82.7
-6.8	0	-250	878.911241610616	55	0	0	82.7
-6.7	0	-250	873.887953396186	55	0	0	82.7
-6.6	0	-250	868.639357722925	55	0	0	82.7
-6.5	0	-250	863.166547601141	55	0	0	82.7
-6.4	0	-250	857.470678458139	55	0	0	82.7
-6.3	0	-250	851.5529679436	55	0	0	82.7
-6.2	0	-250	845.414695714146	55	0	0	82.7
-6.1	0	-250	839.057203197114	55	0	0	82.7
-6	0	-250	832.481893333532	55	0	0	82.7
-5.9	0	-250	825.690230300369	55	0	0	82.7
-5.8	0	-250	818.683739212055	55	0	0	82.7
-5.7	0	-250	811.464005801352	55	0	0	82.7
-5.6	0	-250	804.032676079614	55	0	0	82.7
-5.5	0	-250	796.391455976503	55	0	0	82.7
-5.4	0	-250	788.542110959243	55	0	0	82.7
-5.3	0	-250	780.48646563148	55	0	0	82.7
-5.2	0	-250	772.226403311848	55	0	0	82.7
-5.1	0	-250	763.763865592338	55	0	0	82.7
-5	0	-250	755.100851876577	55	0	0	82.7
-4.9	0	-250	746.239418898126	55	0	0	82.7
-4.8	0	-250	737.181680218934	55	0	0	82.7
-4.7	0	-250	727.929805708071	55	0	0	82.7
-4.6	0	-250	718.486021000883	55	0	0	82.7
-4.5	0	-250	708.852606938719	55	0	0	82.7
-4.4	0	-250	699.031898989394	55	0	0	82.7
-4.3	0	-250	689.026286648532	55	0	0	82.7
-4.2	0	-250	678.838212822003	55	0	0	82.7
-4.1	0	-250	668.470173189587	55	0	0	82.7
-4	0	-250	657.924715550101	55	0	0	82.7
-3.9	0	-250	647.204439148158	55	0	0	82.7
-3.8	0	-250	636.311993982772	55	0	0	82.7
-3.7	0	-250	625.250080098033	55	0	0	82.7
-3.6	0	-250	614.021446856056	55	0	0	82.7
-3.5	0	-250	602.628892192458	55	0	0	82.7
-3.4	0	-250	591.075261854573	55	0	0	82.7
-3.3	0	-250	579.363448622672	55	0	0	82.7
-3.2	0	-250	567.496391514434	55	0	0	82.7
-3.1	0	-250	555.477074972917	55	0	0	82.7
-3	0	-250	543.308528038319	55	0	0	82.7
-2.9	0	-250	530.993823503776	55	0	0	82.7
-2.8	0	-250	518.536077055509	55	0	0	82.7
-2.7	0	-250	505.938446397574	55	0	0	82.7
-2.6	0	-250	493.204130361543	55	0	0	82.7
-2.5	0	-250	480.336368001394	55	0	0	82.7
-2.4	0	-250	467.338437673935	55	0	0	82.7
-2.3	0	-250	454.213656105059	55	0	0	82.7
-2.2	0	-250	440.965377442171	55	0	0	82.7
-2.1	0	-250	427.596992293104	55	0	0	82.7
-2	0	-250	414.111926751852	55	0	0	82.7
-1.9	0	-250	400.513641411472	55	0	0	82.7
-1.8	0	-250	386.805630364495	55	0	0	82.7
-1.7	0	-250	372.991420191185	55	0	0	82.7
-1.6	0	-250	359.07456893603	55	0	0	82.7
-1.5	0	-250	345.058665072791	55	0	0	82.7
-1.4	0	-250	330.947326458508	55	0	0	82.7
-1.3	0	-250	316.744199276814	55	0	0	82.7
-1.2	0	-250	302.452956970937	55	0	0	82.7
-1.1	0	-250	288.077299166781	55	0	0	82.7
-0.999999999999998	0	-250	273.620950586461	55	0	0	82.7
-0.899999999999999	0	-250	259.087659952681	55	0	0	82.7
-0.799999999999999	0	-250	244.48119888436	55	0	0	82.7
-0.699999999999999	0	-250	229.805360783894	55	0	0	82.7
-0.6	0	-250	215.06395971646	55	0	0	82.7
-0.499999999999998	0	-250	200.260829281759	55	0	0	82.7
-0.399999999999999	0	-250	185.399821478631	55	0	0	82.7
-0.299999999999999	0	-250	170.484805562917	55	0	0	82.7
-0.199999999999999	0	-250	155.519666899014	55	0	0	82.7
-0.0999999999999996	0	-250	140.508305805534	55	0	0	82.7
1.77635683940025e-15	0	-250	125.454636395471	55	0	0	82.7
0.100000000000001	0	-250	110.362585411323	55	0	0	82.7
0.200000000000001	0	-250	95.236091055578	55	0	0	82.7
0.300000000000001	0	-250	80.0791018169977	55	0	0	82.7
0.4	0	-250	64.8955752931288	55	0	0	82.7
0.500000000000002	0	-250	49.6894770094691	55	0	0	82.7
0.600000000000001	0	-250	34.4647792357273	55	0	0	82.7
0.700000000000001	0	-250	19.225459799603	55	0	0	82.7
0.800000000000001	0	-250	3.97550089852882	55	0	0	82.7
0.9	0	-250	-11.2811120901929	55	0	0	82.7
1	0	-250	-26.5403918479545	55	0	0	82.7
1.1	0	-250	-41.7983531518088	55	0	0	82.7
1.2	0	-250	-57.0510156737889	55	0	0	82.7
1.3	0	-250	-72.2944010364754	55	0	0	82.7
1.4	0	-250	-87.5245335934314	55	0	0	82.7
1.5	0	-250	-102.737441599312	55	0	0	82.7
1.6	0	-250	-117.929158378587	55	0	0	82.7
1.7	0	-250	-133.09572349245	55	0	0	82.7
1.8	0	-250	-148.233183903517	55	0	0	82.7
1.9	0	-250	-163.337595137878	55	0	0	82.7
2	0	-250	-178.405022444103	55	0	0	82.7
2.1	0	-250	-193.43154194879	55	0	0	82.7
2.2	0	-250	-208.413241808233	55	0	0	82.7
2.3	0	-250	-223.346223355815	55	0	0	82.7
2.4	0	-250	-238.226602244713	55	0	0	82.7
2.5	0	-250	-253.050509585504	55	0	0	82.7
2.6	0	-250	-267.814093078286	55	0	0	82.7
2.7	0	-250	-282.513518138892	55	0	0	82.7
2.8	0	-250	-297.144969018819	55	0	0	82.7
2.9	0	-250	-311.704649918465	55	0	0	82.7
3	0	-250	-326.188786093288	55	0	0	82.7
3.1	0	-250	-340.593624952489	55	0	0	82.7
3.2	0	-250	-354.915437149853	55	0	0	82.7
3.3	0	-250	-369.150517666339	55	0	0	82.7
3.4	0	-250	-383.295186884064	55	0	0	82.7
3.5	0	-250	-397.345791651293	55	0	0	82.7
3.6	0	-250	-411.298706338066	55	0	0	82.7
3.7	0	-250	-425.150333882098	55	0	0	82.7
3.8	0	-250	-438.897106824589	55	0	0	82.7
3.9	0	-250	-452.535488335584	55	0	0	82.7
4	0	-250	-466.061973228527	55	0	0	82.7
4.1	0	-250	-479.473088963665	55	0	0	82.7
4.2	0	-250	-492.765396639957	55	0	0	82.7
4.3	0	-250	-505.935491975142	55	0	0	82.7
4.4	0	-250	-518.980006273642	55	0	0	82.7
4.5	0	-250	-531.895607381964	55	0	0	82.7
4.6	0	-250	-544.679000631276	55	0	0	82.7
4.7	0	-250	-557.326929766851	55	0	0	82.7
4.8	0	-250	-569.836177864048	55	0	0	82.7
4.9	0	-250	-582.203568230535	55	0	0	82.7
5	0	-250	-594.425965294464	55	0	0	82.7
5.1	0	-250	-606.50027547827	55	0	0	82.7
5.2	0	-250	-618.423448057843	55	0	0	82.7
5.3	0	-250	-630.192476006769	55	0	0	82.7
5.4	0	-250	-641.804396825366	55	0	0	82.7
5.5	0	-250	-653.256293354251	55	0	0	82.7
5.6	0	-250	-664.545294572176	55	0	0	82.7
5.7	0	-250	-675.668576377867	55	0	0	82.7
5.8	0	-250	-686.62336235563	55	0	0	82.7
5.9	0	-250	-697.406924524466	55	0	0	82.7
6	0	-250	-708.01658407048	55	0	0	82.7
6.1	0	-250	-718.449712062332	55	0	0	82.7
6.2	0	-250	-728.703730149528	55	0	0	82.7
6.3	0	-250	-738.776111243323	55	0	0	82.7
6.4	0	-250	-748.664380180042	55	0	0	82.7
6.5	0	-250	-758.366114366606	55	0	0	82.7
6.6	0	-250	-767.87894440808	55	0	0	82.7
6.7	0	-250	-777.200554717061	55	0	0	82.7
6.8	0	-250	-786.328684104712	55	0	0	82.7
6.9	0	-250	-795.261126353299	55	0	0	82.7
7	0	-250	-803.995730770045	55	0	0	82.7
7.1	0	-250	-812.530402722158	55	0	0	82.7
7.2	0	-250	-820.863104152892	55	0	0	82.7
7.3	0	-250	-828.991854078488	55	0	0	82.7
7.4	0	-250	-836.914729065878	55	0	0	82.7
7.5	0	-250	-844.629863691026	55	0	0	82.7
7.6	0	-250	-852.135450977779	55	0	0	82.7
7.7	0	-250	-859.429742817147	55	0	0	82.7
7.8	0	-250	-866.511050366882	55	0	0	82.7
7.9	0	-250	-873.377744431295	55	0	0	82.7
8	0	-250	-880.028255821204	55	0	0	82.7
8.1	0	-250	-886.461075693951	55	0	0	82.7
8.2	0	-250	-892.674755873419	55	0	0	82.7
8.3	0	-250	-898.667909149994	55	0	0	82.7
8.4	0	-250	-904.439209560406	55	0	0	82.7
8.5	0	-250	-909.98739264743	55	0	0	82.7
8.6	0	-250	-915.311255699385	55	0	0	82.7
8.7	0	-250	-920.409657969433	55	0	0	82.7
8.8	0	-250	-925.281520874637	55	0	0	82.7
8.9	0	-250	-929.92582817477	55	0	0	82.7
9	0	-250	-934.341626130891	55	0	0	82.7
9.1	0	-250	-938.528023643666	55	0	0	82.7
9.2	0	-250	-942.484192371466	55	0	0	82.7
9.3	0	-250	-946.209366828258	55	0	0	82.7
9.4	0	-250	-949.702844461309	55	0	0	82.7
9.5	0	-250	-952.963985708758	55	0	0	82.7
9.6	0	-250	-955.992214037078	55	0	0	82.7
9.7	0	-250	-958.787015958495	55	0	0	82.7
9.8	0	-250	-961.347941028421	55	0	0	82.7
9.9	0	-250	-963.67460182296	55	0	0	82.7
10	0	-250	-965.766673896572	55	0	0	82.7
10.1	0	-250	-967.623895719972	55	0	0	82.7
10.2	0	-250	-969.246068598344	55	0	0	82.7
10.3	0	-250	-970.633056569991	55	0	0	82.7
10.4	0	-250	-971.784786285497	55	0	0	82.7
10.5	0	-250	-972.701246867527	55	0	0	82.7
10.6	0	-250	-973.382489751385	55	0	0	82.7
10.7	0	-250	-973.828628506444	55	0	0	82.7
10.8	0	-250	-974.039838638592	55	0	0	82.7
10.9	0	-250	-974.016357373823	55	0	0	82.7
11	0	-250	-973.758483423123	55	0	0	82.7
11.1	0	-250	-973.266576728804	55	0	0	82.7
11.2	0	-250	-972.541058192442	55	0	0	82.7
11.3	0	-250	-971.582409384589	55	0	0	82.7
11.4	0	-250	-970.39117223642	55	0	0	82.7
11.5	0	-250	-968.967948713506	55	0	0	82.7
11.6	0	-250	-967.313400471889	55	0	0	82.7
11.7	0	-250	-965.428248496647	55	0	0	82.7
11.8	0	-250	-963.313272723154	55	0	0	82.7
11.9	0	-250	-960.969311641227	55	0	0	82.7
12	0	-250	-958.397261882374	55	0	0	82.7
-12.1	4	-250	830.585752550223	55	0	0	82.7
-12	4	-250	837.169763054803	55	0	0	82.7
-11.9	4	-250	843.646857525064	55	0	0	82.7
-11.8	4	-250	850.013832246556	55	0	0	82.7
-11.7	4	-250	856.267484560868	55	0	0	82.7
-11.6	4	-250	862.404614327428	55	0	0	82.7
-11.5	4	-250	868.422025408954	55	0	0	82.7
-11.4	4	-250	874.316527179782	55	0	0	82.7
-11.3	4	-250	880.084936056413	55	0	0	82.7
-11.2	4	-250	885.724077049468	55	0	0	82.7
-11.1	4	-250	891.230785336292	55	0	0	82.7
-11	4	-250	896.601907853375	55	0	0	82.7
-10.9	4	-250	901.834304907753	55	0	0	82.7
-10.8	4	-250	906.924851806483	55	0	0	82.7
-10.7	4	-250	911.870440503328	55	0	0	82.7
-10.6	4	-250	916.667981261666	55	0	0	82.7
-10.5	4	-250	921.31440433269	55	0	0	82.7
-10.4	4	-250	925.806661647884	55	0	0	82.7
-10.3	4	-250	930.141728524758	55	0	0	82.7
-10.2	4	-250	934.316605384809	55	0	0	82.7
-10.1	4	-250	938.328319482586	55	0	0	82.7
-10	4	-250	942.17392664481	55	0	0	82.7
-9.9	4	-250	945.850513018373	55	0	0	82.7
-9.8	4	-250	949.355196826093	55	0	0	82.7
-9.7	4	-250	952.685130129026	55	0	0	82.7
-9.6	4	-250	955.837500594146	55	0	0	82.7
-9.5	4	-250	958.809533266167	55	0	0	82.7
-9.4	4	-250	961.598492342239	55	0	0	82.7
-9.3	4	-250	964.201682948298	55	0	0	82.7
-9.2	4	-250	966.616452915719	55	0	0	82.7
-9.1	4	-250	968.840194557025	55	0	0	82.7
-9	4	-250	970.870346439279	55	0	0	82.7
-8.9	4	-250	972.704395153859	55	0	0	82.7
-8.8	4	-250	974.339877081215	55	0	0	82.7
-8.7	4	-250	975.774380149273	55	0	0	82.7
-8.6	4	-250	977.005545584077	55	0	0	82.7
-8.5	4	-250	978.031069651268	55	0	0	82.7
-8.4	4	-250	978.848705387009	55	0	0	82.7
-8.3	4	-250	979.456264316908	55	0	0	82.7
-8.2	4	-250	979.851618161526	55	0	0	82.7
-8.1	4	-250	980.032700527029	55	0	0	82.7
-8	4	-250	979.997508579537	55	0	0	82.7
-7.9	4	-250	979.744104701713	55	0	0	82.7
-7.8	4	-250	979.270618130155	55	0	0	82.7
-7.7	4	-250	978.575246572121	55	0	0	82.7
-7.6	4	-250	977.656257800135	55	0	0	82.7
-7.5	4	-250	976.511991223022	55	0	0	82.7
-7.4	4	-250	975.140859431902	55	0	0	82.7
-7.3	4	-250	973.54134971972	55	0	0	82.7
-7.2	4	-250	971.712025572831	55	0	0	82.7
-7.1	4	-250	969.651528133236	55	0	0	82.7
-7	4	-250	967.358577630005	55	0	0	82.7
-6.9	4	-250	964.831974778488	55	0	0	82.7
-6.8	4	-250	962.070602145894	55	0	0	82.7
-6.7	4	-250	959.073425481837	55	0	0	82.7
-6.6	4	-250	955.839495012465	55	0	0	82.7
-6.5	4	-250	952.36794669681	55	0	0	82.7
-6.4	4	-250	948.658003444004	55	0	0	82.7
-6.3	4	-250	944.708976290014	55	0	0	82.7
-6.2	4	-250	940.520265532611	55	0	0	82.7
-6.1	4	-250	936.091361823253	55	0	0	82.7
-6	4	-250	931.421847214641	55	0	0	82.7
-5.9	4	-250	926.51139616268	55	0	0	82.7
-5.8	4	-250	921.359776481647	55	0	0	82.7
-5.7	4	-250	915.966850251382	55	0	0	82.7
-5.6	4	-250	910.332574675309	55	0	0	82.7
-5.5	4	-250	904.457002888216	55	0	0	82.7
-5.4	4	-250	898.340284712639	55	0	0	82.7
-5.3	4	-250	891.982667362838	55	0	0	82.7
-5.2	4	-250	885.384496095301	55	0	0	82.7
-5.1	4	-250	878.546214804816	55	0	0	82.7
-5	4	-250	871.468366565142	55	0	0	82.7
-4.9	4	-250	864.151594113371	55	0	0	82.7
-4.8	4	-250	856.596640277116	55	0	0	82.7
-4.7	4	-250	848.804348343686	55	0	0	82.7
-4.6	4	-250	840.775662370472	55	0	0	82.7
-4.5	4	-250	832.511627435796	55	0	0	82.7
-4.4	4	-250	824.013389829528	55	0	0	82.7
-4.3	4	-250	815.282197182821	55	0	0	82.7
-4.2	4	-250	806.319398536376	55	0	0	82.7
-4.1	4	-250	797.126444346654	55	0	0	82.7
-4	4	-250	787.704886429569	55	0	0	82.7
-3.9	4	-250	778.056377841184	55	0	0	82.7
-3.8	4	-250	768.182672695014	55	0	0	82.7
-3.7	4	-250	758.085625915607	55	0	0	82.7
-3.6	4	-250	747.76719292808	55	0	0	82.7
-3.5	4	-250	737.229429283383	55	0	0	82.7
-3.4	4	-250	726.474490219124	55	0	0	82.7
-3.3	4	-250	715.504630155777	55	0	0	82.7
-3.2	4	-250	704.322202128255	55	0	0	82.7
-3.1	4	-250	692.929657152782	55	0	0	82.7
-3	4	-250	681.329543529136	55	0	0	82.7
-2.9	4	-250	669.524506078332	55	0	0	82.7
-2.8	4	-250	657.517285315926	55	0	0	82.7
-2.7	4	-250	645.310716561117	55	0	0	82.7
-2.6	4	-250	632.907728981955	55	0	0	82.7
-2.5	4	-250	620.311344576938	55	0	0	82.7
-2.4	4	-250	607.52467709343	55	0	0	82.7
-2.3	4	-250	594.550930883293	55	0	0	82.7
-2.2	4	-250	581.393399696279	55	0	0	82.7
-2.1	4	-250	568.055465411703	55	0	0	82.7
-2	4	-250	554.54059670904	55	0	0	82.7
-1.9	4	-250	540.852347678111	55	0	0	82.7
-1.8	4	-250	526.994356369571	55	0	0	82.7
-1.7	4	-250	512.970343286514	55	0	0	82.7
-1.6	4	-250	498.784109818019	55	0	0	82.7
-1.5	4	-250	484.439536615535	55	0	0	82.7
-1.4	4	-250	469.940581913068	55	0	0	82.7
-1.3	4	-250	455.291279792166	55	0	0	82.7
-1.2	4	-250	440.495738392766	55	0	0	82.7
-1.1	4	-250	425.558138071021	55	0	0	82.7
-0.999999999999998	4	-250	410.482729505256	55	0	0	82.7
-0.899999999999999	4	-250	395.27383175129	55	0	0	82.7
-0.799999999999999	4	-250	379.935830248357	55	0	0	82.7
-0.699999999999999	4	-250	364.473174776977	55	0	0	82.7
-0.6	4	-250	348.890377370103	55	0	0	82.7
-0.499999999999998	4	-250	333.192010178968	55	0	0	82.7
-0.399999999999999	4	-250	317.382703295079	55	0	0	82.7
-0.299999999999999	4	-250	301.467142529849	55	0	0	82.7
-0.199999999999999	4	-250	285.450067153417	55	0	0	82.7
-0.0999999999999996	4	-250	269.336267594205	55	0	0	82.7
1.77635683940025e-15	4	-250	253.130583100868	55	0	0	82.7
0.100000000000001	4	-250	236.837899368254	55	0	0	82.7
0.200000000000001	4	-250	220.463146129086	55	0	0	82.7
0.300000000000001	4	-250	204.011294713089	55	0	0	82.7
0.4	4	-250	187.487355575312	55	0	0	82.7
0.500000000000002	4	-250	170.896375795435	55	0	0	82.7
0.600000000000001	4	-250	154.243436549895	55	0	0	82.7
0.700000000000001	4	-250	137.533650558647	55	0	0	82.7
0.800000000000001	4	-250	120.772159508459	55	0	0	82.7
0.9	4	-250	103.964131454623	55	0	0	82.7
1	4	-250	87.1147582030011	55	0	0	82.7
1.1	4	-250	70.229252674346	55	0	0	82.7
1.2	4	-250	53.3128462528447	55	0	0	82.7
1.3	4	-250	36.3707861208663	55	0	0	82.7
1.4	4	-250	19.4083325818924	55	0	0	82.7
1.5	4	-250	2.4307563736289	55	0	0	82.7
1.6	4	-250	-14.5566640266916	55	0	0	82.7
1.7	4	-250	-31.5486454342225	55	0	0	82.7
1.8	4	-250	-48.5400897482215	55	0	0	82.7
1.9	4	-250	-65.5263985382452	55	0	0	82.7
2	4	-250	-82.5030563951769	55	0	0	82.7
2.1	4	-250	-99.4655489915926	55	0	0	82.7
2.2	4	-250	-116.409363588984	55	0	0	82.7
2.3	4	-250	-133.329989546215	55	0	0	82.7
2.4	4	-250	-150.22291882962	55	0	0	82.7
2.5	4	-250	-167.083646525121	55	0	0	82.7
2.6	4	-250	-183.90767135277	55	0	0	82.7
2.7	4	-250	-200.690496184106	55	0	0	82.7
2.8	4	-250	-217.427628562706	55	0	0	82.7
2.9	4	-250	-234.114581228337	55	0	0	82.7
3	4	-250	-250.746872645083	55	0	0	82.7
3.1	4	-250	-267.320027533834	55	0	0	82.7
3.2	4	-250	-283.82957740953	55	0	0	82.7
3.3	4	-250	-300.271061123537	55	0	0	82.7
3.4	4	-250	-316.640025411531	55	0	0	82.7
3.5	4	-250	-332.932025447268	55	0	0	82.7
3.6	4	-250	-349.142625402626	55	0	0	82.7
3.7	4	-250	-365.267399014274	55	0	0	82.7
3.8	4	-250	-381.301930157351	55	0	0	82.7
3.9	4	-250	-397.241813426515	55	0	0	82.7
4	4	-250	-413.082654724719	55	0	0	82.7
4.1	4	-250	-428.820071860089	55	0	0	82.7
4.2	4	-250	-444.449695151237	55	0	0	82.7
4.3	4	-250	-459.967168041386	55	0	0	82.7
4.4	4	-250	-475.368147721627	55	0	0	82.7
4.5	4	-250	-490.648305763673	55	0	0	82.7
4.6	4	-250	-505.803328762433	55	0	0	82.7
4.7	4	-250	-520.828918988756	55	0	0	82.7
4.8	4	-250	-535.720795052642	55	0	0	82.7
4.9	4	-250	-550.47469257729	55	0	0	82.7
5	4	-250	-565.086364884248	55	0	0	82.7
5.1	4	-250	-579.551583690022	55	0	0	82.7
5.2	4	-250	-593.866139814419	55	0	0	82.7
5.3	4	-250	-608.025843900937	55	0	0	82.7
5.4	4	-250	-622.026527149492	55	0	0	82.7
5.5	4	-250	-635.86404206177	55	0	0	82.7
5.6	4	-250	-649.534263199484	55	0	0	82.7
5.7	4	-250	-663.033087955795	55	0	0	82.7
5.8	4	-250	-676.356437340178	55	0	0	82.7
5.9	4	-250	-689.500256776989	55	0	0	82.7
6	4	-250	-702.460516917964	55	0	0	82.7
6.1	4	-250	-715.233214468905	55	0	0	82.7
6.2	4	-250	-727.814373030787	55	0	0	82.7
6.3	4	-250	-740.200043955485	55	0	0	82.7
6.4	4	-250	-752.386307216367	55	0	0	82.7
6.5	4	-250	-764.369272293932	55	0	0	82.7
6.6	4	-250	-776.145079076685	55	0	0	82.7
6.7	4	-250	-787.70989877746	55	0	0	82.7
6.8	4	-250	-799.05993486532	55	0	0	82.7
6.9	4	-250	-810.191424013235	55	0	0	82.7
7	4	-250	-821.100637061666	55	0	0	82.7
7.1	4	-250	-831.783879998201	55	0	0	82.7
7.2	4	-250	-842.237494953359	55	0	0	82.7
7.3	4	-250	-852.457861212701	55	0	0	82.7
7.4	4	-250	-862.441396245313	55	0	0	82.7
7.5	4	-250	-872.184556748787	55	0	0	82.7
7.6	4	-250	-881.683839710742	55	0	0	82.7
7.7	4	-250	-890.935783486969	55	0	0	82.7
7.8	4	-250	-899.936968896236	55	0	0	82.7
7.9	4	-250	-908.684020331788	55	0	0	82.7
8	4	-250	-917.173606889556	55	0	0	82.7
8.1	4	-250	-925.402443513078	55	0	0	82.7
8.2	4	-250	-933.367292155125	55	0	0	82.7
8.3	4	-250	-941.064962955987	55	0	0	82.7
8.4	4	-250	-948.492315438385	55	0	0	82.7
8.5	4	-250	-955.646259718939	55	0	0	82.7
8.6	4	-250	-962.523757736106	55	0	0	82.7
8.7	4	-250	-969.121824494503	55	0	0	82.7
8.8	4	-250	-975.437529325478	55	0	0	82.7
8.9	4	-250	-981.467997163806	55	0	0	82.7
9	4	-250	-987.210409840348	55	0	0	82.7
9.1	4	-250	-992.662007390502	55	0	0	82.7
9.2	4	-250	-997.820089378242	55	0	0	82.7
9.3	4	-250	-1002.68201623553	55	0	0	82.7
9.4	4	-250	-1007.2452106169	55	0	0	82.7
9.5	4	-250	-1011.50715876886	55	0	0	82.7
9.6	4	-250	-1015.46541191393	55	0	0	82.7
9.7	4	-250	-1019.11758764903	55	0	0	82.7
9.8	4	-250	-1022.46137135773	55	0	0	82.7
9.9	4	-250	-1025.49451763618	55	0	0	82.7
10	4	-250	-1028.21485173232	55	0	0	82.7
10.1	4	-250	-1030.62027099788	55	0	0	82.7
10.2	4	-250	-1032.70874635287	55	0	0	82.7
10.3	4	-250	-1034.47832376198	55	0	0	82.7
10.4	4	-250	-1035.92712572256	55	0	0	82.7
10.5	4	-250	-1037.05335276361	55	0	0	82.7
10.6	4	-250	-1037.85528495521	55	0	0	82.7
10.7	4	-250	-1038.33128342794	55	0	0	82.7
10.8	4	-250	-1038.47979190164	55	0	0	82.7
10.9	4	-250	-1038.29933822292	55	0	0	82.7
11	4	-250	-1037.7885359108	55	0	0	82.7
11.1	4	-250	-1036.94608570985	55	0	0	82.7
11.2	4	-250	-1035.77077715	55	0	0	82.7
11.3	4	-250	-1034.26149011252	55	0	0	82.7
11.4	4	-250	-1032.41719640118	55	0	0	82.7
11.5	4	-250	-1030.23696131807	55	0	0	82.7
11.6	4	-250	-1027.71994524298	55	0	0	82.7
11.7	4	-250	-1024.86540521576	55	0	0	82.7
11.8	4	-250	-1021.67269652066	55	0	0	82.7
11.9	4	-250	-1018.14127427172	55	0	0	82.7
12	4	-250	-1014.27069499836	55	0	0	82.7
-12.1	0	-750	2267.95966937093	55	0	0	82.7
-12	0	-750	2290.75122522549	55	0	0	82.7
-11.9	0	-750	2312.94153994311	55	0	0	82.7
-11.8	0	-750	2334.5234842242	55	0	0	82.7
-11.7	0	-750	2355.49008261414	55	0	0	82.7
-11.6	0	-750	2375.83451631494	55	0	0	82.7
-11.5	0	-750	2395.55012595569	55	0	0	82.7
-11.4	0	-750	2414.63041432046	55	0	0	82.7
-11.3	0	-750	2433.06904903231	55	0	0	82.7
-11.2	0	-750	2450.85986519217	55	0	0	82.7
-11.1	0	-750	2467.99686797134	55	0	0	82.7
-11	0	-750	2484.47423515633	55	0	0	82.7
-10.9	0	-750	2500.28631964471	55	0	0	82.7
-10.8	0	-750	2515.42765189093	55	0	0	82.7
-10.7	0	-750	2529.89294230073	55	0	0	82.7
-10.6	0	-750	2543.67708357298	55	0	0	82.7
-10.5	0	-750	2556.77515298786	55	0	0	82.7
-10.4	0	-750	2569.18241464006	55	0	0	82.7
-10.3	0	-750	2580.89432161597	55	0	0	82.7
-10.2	0	-750	2591.9065181137	55	0	0	82.7
-10.1	0	-750	2602.21484150476	55	0	0	82.7
-10	0	-750	2611.81532433644	55	0	0	82.7
-9.9	0	-750	2620.70419627363	55	0	0	82.7
-9.8	0	-750	2628.87788597924	55	0	0	82.7
-9.7	0	-750	2636.33302293202	55	0	0	82.7
-9.6	0	-750	2643.06643918083	55	0	0	82.7
-9.5	0	-750	2649.07517103446	55	0	0	82.7
-9.4	0	-750	2654.35646068587	55	0	0	82.7
-9.3	0	-750	2658.90775777004	55	0	0	82.7
-9.2	0	-750	2662.72672085454	55	0	0	82.7
-9.1	0	-750	2665.81121886175	55	0	0	82.7
-9	0	-750	2668.1593324221	55	0	0	82.7
-8.9	0	-750	2669.76935515734	55	0	0	82.7
-8.8	0	-750	2670.63979489308	55	0	0	82.7
-8.7	0	-750	2670.76937479981	55	0	0	82.7
-8.6	0	-750	2670.15703446167	55	0	0	82.7
-8.5	0	-750	2668.80193087216	55	0	0	82.7
-8.4	0	-750	2666.70343935627	55	0	0	82.7
-8.3	0	-750	2663.86115441814	55	0	0	82.7
-8.2	0	-750	2660.27489051373	55	0	0	82.7
-8.1	0	-750	2655.94468274797	55	0	0	82.7
-8	0	-750	2650.87078749565	55	0	0	82.7
-7.9	0	-750	2645.05368294555	55	0	0	82.7
-7.8	0	-750	2638.4940695674	55	0	0	82.7
-7.7	0	-750	2631.19287050109	55	0	0	82.7
-7.6	0	-750	2623.15123186764	55	0	0	82.7
-7.5	0	-750	2614.37052300166	55	0	0	82.7
-7.4	0	-750	2604.85233660474	55	0	0	82.7
-7.3	0	-750	2594.5984888196	55	0	0	82.7
-7.2	0	-750	2583.61101922449	55	0	0	82.7
-7.1	0	-750	2571.89219074772	55	0	0	82.7
-7	0	-750	2559.44448950198	55	0	0	82.7
-6.9	0	-750	2546.27062453827	55	0	0	82.7
-6.8	0	-750	2532.37352751922	55	0	0	82.7
-6.7	0	-750	2517.75635231171	55	0	0	82.7
-6.6	0	-750	2502.42247449867	55	0	0	82.7
-6.5	0	-750	2486.37549080991	55	0	0	82.7
-6.4	0	-750	2469.61921847206	55	0	0	82.7
-6.3	0	-750	2452.15769447751	55	0	0	82.7
-6.2	0	-750	2433.99517477246	55	0	0	82.7
-6.1	0	-750	2415.1361333641	55	0	0	82.7
-6	0	-750	2395.58526134705	55	0	0	82.7
-5.9	0	-750	2375.34746584919	55	0	0	82.7
-5.8	0	-750	2354.42786889707	55	0	0	82.7
-5.7	0	-750	2332.83180620108	55	0	0	82.7
-5.6	0	-750	2310.56482586065	55	0	0	82.7
-5.5	0	-750	2287.63268698985	55	0	0	82.7
-5.4	0	-750	2264.04135826351	55	0	0	82.7
-5.3	0	-750	2239.79701638443	55	0	0	82.7
-5.2	0	-750	2214.90604447196	55	0	0	82.7
-5.1	0	-750	2189.37503037238	55	0	0	82.7
-5	0	-750	2163.21076489165	55	0	0	82.7
-4.9	0	-750	2136.42023995088	55	0	0	82.7
-4.8	0	-750	2109.01064666516	55	0	0	82.7
-4.7	0	-750	2080.98937334634	55	0	0	82.7
-4.6	0	-750	2052.36400343029	55	0	0	82.7
-4.5	0	-750	2023.14231332934	55	0	0	82.7
-4.4	0	-750	1993.3322702106	55	0	0	82.7
-4.3	0	-750	1962.94202970078	55	0	0	82.7
-4.2	0	-750	1931.97993351839	55	0	0	82.7
-4.1	0	-750	1900.45450703399	55	0	0	82.7
-4	0	-750	1868.37445675943	55	0	0	82.7
-3.9	0	-750	1835.74866776675	55	0	0	82.7
-3.8	0	-750	1802.58620103784	55	0	0	82.7
-3.7	0	-750	1768.8962907456	55	0	0	82.7
-3.6	0	-750	1734.68834146771	55	0	0	82.7
-3.5	0	-750	1699.97192533379	55	0	0	82.7
-3.4	0	-750	1664.75677910717	55	0	0	82.7
-3.3	0	-750	1629.05280120226	55	0	0	82.7
-3.2	0	-750	1592.87004863844	55	0	0	82.7
-3.1	0	-750	1556.21873393184	55	0	0	82.7
-3	0	-750	1519.10922192595	55	0	0	82.7
-2.9	0	-750	1481.55202656228	55	0	0	82.7
-2.8	0	-750	1443.55780759233	55	0	0	82.7
-2.7	0	-750	1405.137367232	55	0	0	82.7
-2.6	0	-750	1366.30164675973	55	0	0	82.7
-2.5	0	-750	1327.06172305973	55	0	0	82.7
-2.4	0	-750	1287.42880511144	55	0	0	82.7
-2.3	0	-750	1247.41423042669	55	0	0	82.7
-2.2	0	-750	1207.02946143593	55	0	0	82.7
-2.1	0	-750	1166.28608182474	55	0	0	82.7
-2	0	-750	1125.19579282224	55	0	0	82.7
-1.9	0	-750	1083.77040944272	55	0	0	82.7
-1.8	0	-750	1042.02185668196	55	0	0	82.7
-1.7	0	-750	999.962165669715	55	0	0	82.7
-1.6	0	-750	957.603469779854	55	0	0	82.7
-1.5	0	-750	914.958000699728	55	0	0	82.7
-1.4	0	-750	872.038084460227	55	0	0	82.7
-1.3	0	-750	828.856137428141	55	0	0	82.7
-1.2	0	-750	785.424662262375	55	0	0	82.7
-1.1	0	-750	741.756243835624	55	0	0	82.7
-0.999999999999998	0	-750	697.863545123118	55	0	0	82.7
-0.899999999999999	0	-750	653.759303060061	55	0	0	82.7
-0.799999999999999	0	-750	609.456324369413	55	0	0	82.7
-0.699999999999999	0	-750	564.967481361665	55	0	0	82.7
-0.6	0	-750	520.305707708298	55	0	0	82.7
-0.499999999999998	0	-750	475.483994190582	55	0	0	82.7
-0.399999999999999	0	-750	430.515384425443	55	0	0	82.7
-0.299999999999999	0	-750	385.412970570082	55	0	0	82.7
-0.199999999999999	0	-750	340.189889007083	55	0	0	82.7
-0.0999999999999996	0	-750	294.859316011729	55	0	0	82.7
1.77635683940025e-15	0	-750	249.434463403264	55	0	0	82.7
0.100000000000001	0	-750	203.92857418186	55	0	0	82.7
0.200000000000001	0	-750	158.354918153017	55	0	0	82.7
0.300000000000001	0	-750	112.726787541181	55	0	0	82.7
0.4	0	-750	67.0574925943301	55	0	0	82.7
0.500000000000002	0	-750	21.3603571813011	55	0	0	82.7
0.600000000000001	0	-750	-24.3512856163704	55	0	0	82.7
0.700000000000001	0	-750	-70.064100927679	55	0	0	82.7
0.800000000000001	0	-750	-115.764769171022	55	0	0	82.7
0.9	0	-750	-161.439979820907	55	0	0	82.7
1	0	-750	-207.076430662329	55	0	0	82.7
1.1	0	-750	-252.660832128469	55	0	0	82.7
1.2	0	-750	-298.179911636108	55	0	0	82.7
1.3	0	-750	-343.620417914399	55	0	0	82.7
1.4	0	-750	-388.969125325284	55	0	0	82.7
1.5	0	-750	-434.212838173884	55	0	0	82.7
1.6	0	-750	-479.338395007159	55	0	0	82.7
1.7	0	-750	-524.33267289918	55	0	0	82.7
1.8	0	-750	-569.182591721317	55	0	0	82.7
1.9	0	-750	-613.875118395692	55	0	0	82.7
2	0	-750	-658.397271130234	55	0	0	82.7
2.1	0	-750	-702.736123633688	55	0	0	82.7
2.2	0	-750	-746.878809308932	55	0	0	82.7
2.3	0	-750	-790.812525422988	55	0	0	82.7
2.4	0	-750	-834.524537252088	55	0	0	82.7
2.5	0	-750	-878.002182200206	55	0	0	82.7
2.6	0	-750	-921.232873889452	55	0	0	82.7
2.7	0	-750	-964.204106220758	55	0	0	82.7
2.8	0	-750	-1006.90345740328	55	0	0	82.7
2.9	0	-750	-1049.31859395095	55	0	0	82.7
3	0	-750	-1091.4372746447	55	0	0	82.7
3.1	0	-750	-1133.24735445879	55	0	0	82.7
3.2	0	-750	-1174.73678844968	55	0	0	82.7
3.3	0	-750	-1215.89363560613	55	0	0	82.7
3.4	0	-750	-1256.70606265892	55	0	0	82.7
3.5	0	-750	-1297.16234784874	55	0	0	82.7
3.6	0	-750	-1337.25088465094	55	0	0	82.7
3.7	0	-750	-1376.9601854556	55	0	0	82.7
3.8	0	-750	-1416.27888520165	55	0	0	82.7
3.9	0	-750	-1455.19574496354	55	0	0	82.7
4	0	-750	-1493.69965548933	55	0	0	82.7
4.1	0	-750	-1531.77964068857	55	0	0	82.7
4.2	0	-750	-1569.42486106906	55	0	0	82.7
4.3	0	-750	-1606.62461712082	55	0	0	82.7
4.4	0	-750	-1643.36835264638	55	0	0	82.7
4.5	0	-750	-1679.64565803587	55	0	0	82.7
4.6	0	-750	-1715.44627348598	55	0	0	82.7
4.7	0	-750	-1750.7600921614	55	0	0	82.7
4.8	0	-750	-1785.5771632977	55	0	0	82.7
4.9	0	-750	-1819.88769524461	55	0	0	82.7
5	0	-750	-1853.6820584484	55	0	0	82.7
5.1	0	-750	-1886.95078837254	55	0	0	82.7
5.2	0	-750	-1919.68458835545	55	0	0	82.7
5.3	0	-750	-1951.87433240436	55	0	0	82.7
5.4	0	-750	-1983.51106792444	55	0	0	82.7
5.5	0	-750	-2014.58601838201	55	0	0	82.7
5.6	0	-750	-2045.09058590122	55	0	0	82.7
5.7	0	-750	-2075.01635379303	55	0	0	82.7
5.8	0	-750	-2104.35508901586	55	0	0	82.7
5.9	0	-750	-2133.09874456697	55	0	0	82.7
6	0	-750	-2161.23946180382	55	0	0	82.7
6.1	0	-750	-2188.76957269468	55	0	0	82.7
6.2	0	-750	-2215.68160199771	55	0	0	82.7
6.3	0	-750	-2241.96826936786	55	0	0	82.7
6.4	0	-750	-2267.62249139096	55	0	0	82.7
6.5	0	-750	-2292.6373835443	55	0	0	82.7
6.6	0	-750	-2317.00626208315	55	0	0	82.7
6.7	0	-750	-2340.7226458527	55	0	0	82.7
6.8	0	-750	-2363.7802580248	55	0	0	82.7
6.9	0	-750	-2386.17302775917	55	0	0	82.7
7	0	-750	-2407.89509178837	55	0	0	82.7
7.1	0	-750	-2428.94079592642	55	0	0	82.7
7.2	0	-750	-2449.30469650037	55	0	0	82.7
7.3	0	-750	-2468.98156170477	55	0	0	82.7
7.4	0	-750	-2487.96637287839	55	0	0	82.7
7.5	0	-750	-2506.25432570326	55	0	0	82.7
7.6	0	-750	-2523.84083132543	55	0	0	82.7
7.7	0	-750	-2540.72151739753	55	0	0	82.7
7.8	0	-750	-2556.89222904272	55	0	0	82.7
7.9	0	-750	-2572.34902974005	55	0	0	82.7
8	0	-750	-2587.08820213098	55	0	0	82.7
8.1	0	-750	-2601.10624874706	55	0	0	82.7
8.2	0	-750	-2614.39989265872	55	0	0	82.7
8.3	0	-750	-2626.96607804512	55	0	0	82.7
8.4	0	-750	-2638.80197068511	55	0	0	82.7
8.5	0	-750	-2649.90495836929	55	0	0	82.7
8.6	0	-750	-2660.27265123341	55	0	0	82.7
8.7	0	-750	-2669.90288201305	55	0	0	82.7
8.8	0	-750	-2678.79370621983	55	0	0	82.7
8.9	0	-750	-2686.94340223934	55	0	0	82.7
9	0	-750	-2694.35047135099	55	0	0	82.7
9.1	0	-750	-2701.01363767003	55	0	0	82.7
9.2	0	-750	-2706.931848012	55	0	0	82.7
9.3	0	-750	-2712.10427168001	55	0	0	82.7
9.4	0	-750	-2716.5303001751	55	0	0	82.7
9.5	0	-750	-2720.20954683011	55	0	0	82.7
9.6	0	-750	-2723.14184636746	55	0	0	82.7
9.7	0	-750	-2725.32725438132	55	0	0	82.7
9.8	0	-750	-2726.76604674455	55	0	0	82.7
9.9	0	-750	-2727.45871894098	55	0	0	82.7
10	0	-750	-2727.4059853236	55	0	0	82.7
10.1	0	-750	-2726.6087782991	55	0	0	82.7
10.2	0	-750	-2725.06824743946	55	0	0	82.7
10.3	0	-750	-2722.78575852115	55	0	0	82.7
10.4	0	-750	-2719.7628924926	55	0	0	82.7
10.5	0	-750	-2716.00144437063	55	0	0	82.7
10.6	0	-750	-2711.50342206656	55	0	0	82.7
10.7	0	-750	-2706.27104514258	55	0	0	82.7
10.8	0	-750	-2700.30674349939	55	0	0	82.7
10.9	0	-750	-2693.61315599565	55	0	0	82.7
11	0	-750	-2686.19312900019	55	0	0	82.7
11.1	0	-750	-2678.04971487778	55	0	0	82.7
11.2	0	-750	-2669.18617040922	55	0	0	82.7
11.3	0	-750	-2659.60595514678	55	0	0	82.7
11.4	0	-750	-2649.3127297058	55	0	0	82.7
11.5	0	-750	-2638.3103539934	55	0	0	82.7
11.6	0	-750	-2626.60288537516	55	0	0	82.7
11.7	0	-750	-2614.19457678095	55	0	0	82.7
11.8	0	-750	-2601.08987475062	55	0	0	82.7
11.9	0	-750	-2587.29341742082	55	0	0	82.7
12	0	-750	-2572.81003245378	55	0	0	82.7
-12.1	4	-750	2273.02903535097	55	0	0	82.7
-12	4	-750	2295.24452436815	55	0	0	82.7
-11.9	4	-750	2317.13447381785	55	0	0	82.7
-11.8	4	-750	2338.68824038189	55	0	0	82.7
-11.7	4	-750	2359.89517537326	55	0	0	82.7
-11.6	4	-750	2380.74462992645	55	0	0	82.7
-11.5	4	-750	2401.22596027828	55	0	0	82.7
-11.4	4	-750	2421.32853313671	55	0	0	82.7
-11.3	4	-750	2441.04173113482	55	0	0	82.7
-11.2	4	-750	2460.35495836727	55	0	0	82.7
-11.1	4	-750	2479.25764600616	55	0	0	82.7
-11	4	-750	2497.7392579933	55	0	0	82.7
-10.9	4	-750	2515.78929680568	55	0	0	82.7
-10.8	4	-750	2533.3973092908	55	0	0	82.7
-10.7	4	-750	2550.5528925685	55	0	0	82.7
-10.6	4	-750	2567.24569999561	55	0	0	82.7
-10.5	4	-750	2583.46544718995	55	0	0	82.7
-10.4	4	-750	2599.2019181097	55	0	0	82.7
-10.3	4	-750	2614.4449711844	55	0	0	82.7
-10.2	4	-750	2629.18454549352	55	0	0	82.7
-10.1	4	-750	2643.41066698848	55	0	0	82.7
-10	4	-750	2657.11345475394	55	0	0	82.7
-9.9	4	-750	2670.28312730404	55	0	0	82.7
-9.8	4	-750	2682.91000890913	55	0	0	82.7
-9.7	4	-750	2694.98453594856	55	0	0	82.7
-9.6	4	-750	2706.49726328487	55	0	0	82.7
-9.5	4	-750	2717.43887065466	55	0	0	82.7
-9.4	4	-750	2727.80016907138	55	0	0	82.7
-9.3	4	-750	2737.57210723525	55	0	0	82.7
-9.2	4	-750	2746.74577794518	55	0	0	82.7
-9.1	4	-750	2755.31242450785	55	0	0	82.7
-9	4	-750	2763.26344713873	55	0	0	82.7
-8.9	4	-750	2770.59040934994	55	0	0	82.7
-8.8	4	-750	2777.28504431971	55	0	0	82.7
-8.7	4	-750	2783.33926123804	55	0	0	82.7
-8.6	4	-750	2788.74515162349	55	0	0	82.7
-8.5	4	-750	2793.49499560535	55	0	0	82.7
-8.4	4	-750	2797.58126816604	55	0	0	82.7
-8.3	4	-750	2800.99664533813	55	0	0	82.7
-8.2	4	-750	2803.73401035047	55	0	0	82.7
-8.1	4	-750	2805.78645971796	55	0	0	82.7
-8	4	-750	2807.14730926926	55	0	0	82.7
-7.9	4	-750	2807.81010010701	55	0	0	82.7
-7.8	4	-750	2807.7686044949	55	0	0	82.7
-7.7	4	-750	2807.01683166589	55	0	0	82.7
-7.6	4	-750	2805.54903354615	55	0	0	82.7
-7.5	4	-750	2803.35971038902	55	0	0	82.7
-7.4	4	-750	2800.44361631334	55	0	0	82.7
-7.3	4	-750	2796.79576474075	55	0	0	82.7
-7.2	4	-750	2792.41143372625	55	0	0	82.7
-7.1	4	-750	2787.28617117655	55	0	0	82.7
-7	4	-750	2781.41579995077	55	0	0	82.7
-6.9	4	-750	2774.79642283802	55	0	0	82.7
-6.8	4	-750	2767.42442740638	55	0	0	82.7
-6.7	4	-750	2759.2964907181	55	0	0	82.7
-6.6	4	-750	2750.40958390562	55	0	0	82.7
-6.5	4	-750	2740.76097660321	55	0	0	82.7
-6.4	4	-750	2730.34824122918	55	0	0	82.7
-6.3	4	-750	2719.16925711343	55	0	0	82.7
-6.2	4	-750	2707.2222144656	55	0	0	82.7
-6.1	4	-750	2694.5056181787	55	0	0	82.7
-6	4	-750	2681.01829146361	55	0	0	82.7
-5.9	4	-750	2666.75937930972	55	0	0	82.7
-5.8	4	-750	2651.7283517671	55	0	0	82.7
-5.7	4	-750	2635.92500704588	55	0	0	82.7
-5.6	4	-750	2619.34947442831	55	0	0	82.7
-5.5	4	-750	2602.00221698957	55	0	0	82.7
-5.4	4	-750	2583.88403412304	55	0	0	82.7
-5.3	4	-750	2564.99606386625	55	0	0	82.7
-5.2	4	-750	2545.33978502369	55	0	0	82.7
-5.1	4	-750	2524.9170190829	55	0	0	82.7
-5	4	-750	2503.72993192036	55	0	0	82.7
-4.9	4	-750	2481.78103529384	55	0	0	82.7
-4.8	4	-750	2459.07318811822	55	0	0	82.7
-4.7	4	-750	2435.60959752166	55	0	0	82.7
-4.6	4	-750	2411.39381967951	55	0	0	82.7
-4.5	4	-750	2386.42976042322	55	0	0	82.7
-4.4	4	-750	2360.72167562201	55	0	0	82.7
-4.3	4	-750	2334.27417133491	55	0	0	82.7
-4.2	4	-750	2307.09220373134	55	0	0	82.7
-4.1	4	-750	2279.18107877827	55	0	0	82.7
-4	4	-750	2250.5464516925	55	0	0	82.7
-3.9	4	-750	2221.19432615645	55	0	0	82.7
-3.8	4	-750	2191.13105329651	55	0	0	82.7
-3.7	4	-750	2160.36333042282	55	0	0	82.7
-3.6	4	-750	2128.89819952975	55	0	0	82.7
-3.5	4	-750	2096.74304555658	55	0	0	82.7
-3.4	4	-750	2063.90559440804	55	0	0	82.7
-3.3	4	-750	2030.39391073454	55	0	0	82.7
-3.2	4	-750	1996.21639547242	55	0	0	82.7
-3.1	4	-750	1961.38178314433	55	0	0	82.7
-3	4	-750	1925.89913892053	55	0	0	82.7
-2.9	4	-750	1889.77785544179	55	0	0	82.7
-2.8	4	-750	1853.02764940504	55	0	0	82.7
-2.7	4	-750	1815.6585579129	55	0	0	82.7
-2.6	4	-750	1777.68093458886	55	0	0	82.7
-2.5	4	-750	1739.10544545944	55	0	0	82.7
-2.4	4	-750	1699.94306460578	55	0	0	82.7
-2.3	4	-750	1660.20506958644	55	0	0	82.7
-2.2	4	-750	1619.90303663403	55	0	0	82.7
-2.1	4	-750	1579.04883562836	55	0	0	82.7
-2	4	-750	1537.65462484888	55	0	0	82.7
-1.9	4	-750	1495.73284550951	55	0	0	82.7
-1.8	4	-750	1453.29621607928	55	0	0	82.7
-1.7	4	-750	1410.35772639226	55	0	0	82.7
-1.6	4	-750	1366.93063155046	55	0	0	82.7
-1.5	4	-750	1323.02844562386	55	0	0	82.7
-1.4	4	-750	1278.66493515154	55	0	0	82.7
-1.3	4	-750	1233.85411244843	55	0	0	82.7
-1.2	4	-750	1188.61022872224	55	0	0	82.7
-1.1	4	-750	1142.94776700532	55	0	0	82.7
-0.999999999999998	4	-750	1096.88143490649	55	0	0	82.7
-0.899999999999999	4	-750	1050.4261571879	55	0	0	82.7
-0.799999999999999	4	-750	1003.59706817248	55	0	0	82.7
-0.699999999999999	4	-750	956.409503987252	55	0	0	82.7
-0.6	4	-750	908.878994648395	55	0	0	82.7
-0.499999999999998	4	-750	861.02125599393	55	0	0	82.7
-0.399999999999999	4	-750	812.852181469953	55	0	0	82.7
-0.299999999999999	4	-750	764.387833776704	55	0	0	82.7
-0.199999999999999	4	-750	715.644436380801	55	0	0	82.7
-0.0999999999999996	4	-750	666.638364900103	55	0	0	82.7
1.77635683940025e-15	4	-750	617.386138367845	55	0	0	82.7
0.100000000000001	4	-750	567.904410382796	55	0	0	82.7
0.200000000000001	4	-750	518.209960152323	55	0	0	82.7
0.300000000000001	4	-750	468.319683435339	55	0	0	82.7
0.4	4	-750	418.250583392261	55	0	0	82.7
0.500000000000002	4	-750	368.019761349163	55	0	0	82.7
0.600000000000001	4	-750	317.64440748342	55	0	0	82.7
0.700000000000001	4	-750	267.141791438245	55	0	0	82.7
0.800000000000001	4	-750	216.529252873541	55	0	0	82.7
0.9	4	-750	165.824191960638	55	0	0	82.7
1	4	-750	115.044059828471	55	0	0	82.7
1.1	4	-750	64.2063489688583	55	0	0	82.7
1.2	4	-750	13.3285836085562	55	0	0	82.7
1.3	4	-750	-37.5716899441744	55	0	0	82.7
1.4	4	-750	-88.4770572773787	55	0	0	82.7
1.5	4	-750	-139.371499324048	55	0	0	82.7
1.6	4	-750	-190.239784105908	55	0	0	82.7
1.7	4	-750	-241.066692179559	55	0	0	82.7
1.8	4	-750	-291.837010137124	55	0	0	82.7
1.9	4	-750	-342.535532832116	55	0	0	82.7
2	4	-750	-393.147065610382	55	0	0	82.7
2.1	4	-750	-443.656426547467	55	0	0	82.7
2.2	4	-750	-494.048448693752	55	0	0	82.7
2.3	4	-750	-544.307982328727	55	0	0	82.7
2.4	4	-750	-594.419897225721	55	0	0	82.7
2.5	4	-750	-644.369084928451	55	0	0	82.7
2.6	4	-750	-694.140461040702	55	0	0	82.7
2.7	4	-750	-743.718967530463	55	0	0	82.7
2.8	4	-750	-793.089575049853	55	0	0	82.7
2.9	4	-750	-842.237285272102	55	0	0	82.7
3	4	-750	-891.14713324692	55	0	0	82.7
3.1	4	-750	-939.804189775512	55	0	0	82.7
3.2	4	-750	-988.19356380652	55	0	0	82.7
3.3	4	-750	-1036.30040485415	55	0	0	82.7
3.4	4	-750	-1084.10990543973	55	0	0	82.7
3.5	4	-750	-1131.60730355787	55	0	0	82.7
3.6	4	-750	-1178.77788516861	55	0	0	82.7
3.7	4	-750	-1225.60698671647	55	0	0	82.7
3.8	4	-750	-1272.07999767791	55	0	0	82.7
3.9	4	-750	-1318.18236313805	55	0	0	82.7
4	4	-750	-1363.89958639803	55	0	0	82.7
4.1	4	-750	-1409.217231614	55	0	0	82.7
4.2	4	-750	-1454.12092646886	55	0	0	82.7
4.3	4	-750	-1498.59636487793	55	0	0	82.7
4.4	4	-750	-1542.62930972936	55	0	0	82.7
4.5	4	-750	-1586.20559566063	55	0	0	82.7
4.6	4	-750	-1629.31113187189	55	0	0	82.7
4.7	4	-750	-1671.93190497722	55	0	0	82.7
4.8	4	-750	-1714.05398189476	55	0	0	82.7
4.9	4	-750	-1755.66351277667	55	0	0	82.7
5	4	-750	-1796.74673397962	55	0	0	82.7
5.1	4	-750	-1837.289971077	55	0	0	82.7
5.2	4	-750	-1877.27964191336	55	0	0	82.7
5.3	4	-750	-1916.70225970207	55	0	0	82.7
5.4	4	-750	-1955.54443616685	55	0	0	82.7
5.5	4	-750	-1993.79288472805	55	0	0	82.7
5.6	4	-750	-2031.43442373413	55	0	0	82.7
5.7	4	-750	-2068.45597973927	55	0	0	82.7
5.8	4	-750	-2104.84459082745	55	0	0	82.7
5.9	4	-750	-2140.58740998383	55	0	0	82.7
6	4	-750	-2175.67170851375	55	0	0	82.7
6.1	4	-750	-2210.08487950992	55	0	0	82.7
6.2	4	-750	-2243.81444136836	55	0	0	82.7
6.3	4	-750	-2276.84804135322	55	0	0	82.7
6.4	4	-750	-2309.17345921108	55	0	0	82.7
6.5	4	-750	-2340.77861083494	55	0	0	82.7
6.6	4	-750	-2371.65155197813	55	0	0	82.7
6.7	4	-750	-2401.78048201833	55	0	0	82.7
6.8	4	-750	-2431.15374777196	55	0	0	82.7
6.9	4	-750	-2459.75984735892	55	0	0	82.7
7	4	-750	-2487.58743411775	55	0	0	82.7
7.1	4	-750	-2514.62532057121	55	0	0	82.7
7.2	4	-750	-2540.86248244221	55	0	0	82.7
7.3	4	-750	-2566.28806271995	55	0	0	82.7
7.4	4	-750	-2590.89137577606	55	0	0	82.7
7.5	4	-750	-2614.6619115305	55	0	0	82.7
7.6	4	-750	-2637.58933966682	55	0	0	82.7
7.7	4	-750	-2659.66351389664	55	0	0	82.7
7.8	4	-750	-2680.8744762725	55	0	0	82.7
7.9	4	-750	-2701.21246154891	55	0	0	82.7
8	4	-750	-2720.66790159086	55	0	0	82.7
8.1	4	-750	-2739.23142982905	55	0	0	82.7
8.2	4	-750	-2756.89388576127	55	0	0	82.7
8.3	4	-750	-2773.64631949902	55	0	0	82.7
8.4	4	-750	-2789.4799963584	55	0	0	82.7
8.5	4	-750	-2804.38640149454	55	0	0	82.7
8.6	4	-750	-2818.35724457819	55	0	0	82.7
8.7	4	-750	-2831.3844645137	55	0	0	82.7
8.8	4	-750	-2843.46023419687	55	0	0	82.7
8.9	4	-750	-2854.57696531156	55	0	0	82.7
9	4	-750	-2864.72731316361	55	0	0	82.7
9.1	4	-750	-2873.90418155061	55	0	0	82.7
9.2	4	-750	-2882.10072766597	55	0	0	82.7
9.3	4	-750	-2889.31036703561	55	0	0	82.7
9.4	4	-750	-2895.5267784856	55	0	0	82.7
9.5	4	-750	-2900.74390913886	55	0	0	82.7
9.6	4	-750	-2904.95597943895	55	0	0	82.7
9.7	4	-750	-2908.15748819906	55	0	0	82.7
9.8	4	-750	-2910.34321767396	55	0	0	82.7
9.9	4	-750	-2911.50823865274	55	0	0	82.7
10	4	-750	-2911.64791557003	55	0	0	82.7
10.1	4	-750	-2910.75791163322	55	0	0	82.7
10.2	4	-750	-2908.83419396325	55	0	0	82.7
10.3	4	-750	-2905.87303874626	55	0	0	82.7
10.4	4	-750	-2901.87103639343	55	0	0	82.7
10.5	4	-750	-2896.82509670612	55	0	0	82.7
10.6	4	-750	-2890.73245404339	55	0	0	82.7
10.7	4	-750	-2883.5906724889	55	0	0	82.7
10.8	4	-750	-2875.39765101388	55	0	0	82.7
10.9	4	-750	-2866.15162863314	55	0	0	82.7
11	4	-750	-2855.85118955044	55	0	0	82.7
11.1	4	-750	-2844.49526829	55	0	0	82.7
11.2	4	-750	-2832.08315481039	55	0	0	82.7
11.3	4	-750	-2818.61449959711	55	0	0	82.7
11.4	4	-750	-2804.08931873005	55	0	0	82.7
11.5	4	-750	-2788.5079989219	55	0	0	82.7
11.6	4	-750	-2771.87130252341	55	0	0	82.7
11.7	4	-750	-2754.18037249133	55	0	0	82.7
11.8	4	-750	-2735.4367373148	55	0	0	82.7
11.9	4	-750	-2715.64231589573	55	0	0	82.7
12	4	-750	-2694.79942237867	55	0	0	82.7
-12.1	0	-1500	3968.80109157478	55	0	0	82.7
-12	0	-1500	4021.22056701335	55	0	0	82.7
-11.9	0	-1500	4072.41503520672	55	0	0	82.7
-11.8	0	-1500	4122.3656710133	55	0	0	82.7
-11.7	0	-1500	4171.05401570824	55	0	0	82.7
-11.6	0	-1500	4218.4619852935	55	0	0	82.7
-11.5	0	-1500	4264.57187869702	55	0	0	82.7
-11.4	0	-1500	4309.36638585659	55	0	0	82.7
-11.3	0	-1500	4352.82859568417	55	0	0	82.7
-11.2	0	-1500	4394.94200390643	55	0	0	82.7
-11.1	0	-1500	4435.69052077725	55	0	0	82.7
-11	0	-1500	4475.05847865806	55	0	0	82.7
-10.9	0	-1500	4513.03063946176	55	0	0	82.7
-10.8	0	-1500	4549.59220195631	55	0	0	82.7
-10.7	0	-1500	4584.72880892375	55	0	0	82.7
-10.6	0	-1500	4618.42655417077	55	0	0	82.7
-10.5	0	-1500	4650.67198938687	55	0	0	82.7
-10.4	0	-1500	4681.45213084611	55	0	0	82.7
-10.3	0	-1500	4710.75446594875	55	0	0	82.7
-10.2	0	-1500	4738.56695959893	55	0	0	82.7
-10.1	0	-1500	4764.87806041462	55	0	0	82.7
-10	0	-1500	4789.67670676631	55	0	0	82.7
-9.9	0	-1500	4812.95233264065	55	0	0	82.7
-9.8	0	-1500	4834.69487332579	55	0	0	82.7
-9.7	0	-1500	4854.89477091467	55	0	0	82.7
-9.6	0	-1500	4873.54297962309	55	0	0	82.7
-9.5	0	-1500	4890.63097091917	55	0	0	82.7
-9.4	0	-1500	4906.15073846099	55	0	0	82.7
-9.3	0	-1500	4920.09480283924	55	0	0	82.7
-9.2	0	-1500	4932.45621612184	55	0	0	82.7
-9.1	0	-1500	4943.22856619753	55	0	0	82.7
-9	0	-1500	4952.40598091555	55	0	0	82.7
-8.9	0	-1500	4959.98313201861	55	0	0	82.7
-8.8	0	-1500	4965.95523886635	55	0	0	82.7
-8.7	0	-1500	4970.31807194682	55	0	0	82.7
-8.6	0	-1500	4973.06795617328	55	0	0	82.7
-8.5	0	-1500	4974.20177396402	55	0	0	82.7
-8.4	0	-1500	4973.71696810281	55	0	0	82.7
-8.3	0	-1500	4971.61154437767	55	0	0	82.7
-8.2	0	-1500	4967.88407399602	55	0	0	82.7
-8.1	0	-1500	4962.53369577395	55	0	0	82.7
-8	0	-1500	4955.56011809788	55	0	0	82.7
-7.9	0	-1500	4946.96362065664	55	0	0	82.7
-7.8	0	-1500	4936.74505594237	55	0	0	82.7
-7.7	0	-1500	4924.90585051856	55	0	0	82.7
-7.6	0	-1500	4911.44800605383	55	0	0	82.7
-7.5	0	-1500	4896.37410011996	55	0	0	82.7
-7.4	0	-1500	4879.68728675301	55	0	0	82.7
-7.3	0	-1500	4861.39129677633	55	0	0	82.7
-7.2	0	-1500	4841.49043788442	55	0	0	82.7
-7.1	0	-1500	4819.98959448677	55	0	0	82.7
-7	0	-1500	4796.89422731088	55	0	0	82.7
-6.9	0	-1500	4772.21037276367	55	0	0	82.7
-6.8	0	-1500	4745.94464205098	55	0	0	82.7
-6.7	0	-1500	4718.10422005441	55	0	0	82.7
-6.6	0	-1500	4688.69686396542	55	0	0	82.7
-6.5	0	-1500	4657.73090167643	55	0	0	82.7
-6.4	0	-1500	4625.21522992884	55	0	0	82.7
-6.3	0	-1500	4591.159312218	55	0	0	82.7
-6.2	0	-1500	4555.57317645536	55	0	0	82.7
-6.1	0	-1500	4518.46741238817	55	0	0	82.7
-6	0	-1500	4479.85316877697	55	0	0	82.7
-5.9	0	-1500	4439.74215033158	55	0	0	82.7
-5.8	0	-1500	4398.1466144063	55	0	0	82.7
-5.7	0	-1500	4355.07936745495	55	0	0	82.7
-5.6	0	-1500	4310.55376124689	55	0	0	82.7
-5.5	0	-1500	4264.58368884487	55	0	0	82.7
-5.4	0	-1500	4217.18358034614	55	0	0	82.7
-5.3	0	-1500	4168.36839838786	55	0	0	82.7
-5.2	0	-1500	4118.15363341842	55	0	0	82.7
-5.1	0	-1500	4066.55529873626	55	0	0	82.7
-5	0	-1500	4013.5899252976	55	0	0	82.7
-4.9	0	-1500	3959.27455629528	55	0	0	82.7
-4.8	0	-1500	3903.62674151026	55	0	0	82.7
-4.7	0	-1500	3846.66453143813	55	0	0	82.7
-4.6	0	-1500	3788.40647119252	55	0	0	82.7
-4.5	0	-1500	3728.87159418799	55	0	0	82.7
-4.4	0	-1500	3668.07941560454	55	0	0	82.7
-4.3	0	-1500	3606.04992563648	55	0	0	82.7
-4.2	0	-1500	3542.80358252812	55	0	0	82.7
-4.1	0	-1500	3478.36130539921	55	0	0	82.7
-4	0	-1500	3412.74446686287	55	0	0	82.7
-3.9	0	-1500	3345.97488543905	55	0	0	82.7
-3.8	0	-1500	3278.07481776667	55	0	0	82.7
-3.7	0	-1500	3209.06695061753	55	0	0	82.7
-3.6	0	-1500	3138.97439271545	55	0	0	82.7
-3.5	0	-1500	3067.82066636388	55	0	0	82.7
-3.4	0	-1500	2995.62969888576	55	0	0	82.7
-3.3	0	-1500	2922.42581387904	55	0	0	82.7
-3.2	0	-1500	2848.23372229168	55	0	0	82.7
-3.1	0	-1500	2773.07851332004	55	0	0	82.7
-3	0	-1500	2696.98564513445	55	0	0	82.7
-2.9	0	-1500	2619.98093543614	55	0	0	82.7
-2.8	0	-1500	2542.09055184949	55	0	0	82.7
-2.7	0	-1500	2463.34100215403	55	0	0	82.7
-2.6	0	-1500	2383.75912436024	55	0	0	82.7
-2.5	0	-1500	2303.37207663383	55	0	0	82.7
-2.4	0	-1500	2222.20732707268	55	0	0	82.7
-2.3	0	-1500	2140.29264334125	55	0	0	82.7
-2.2	0	-1500	2057.65608216697	55	0	0	82.7
-2.1	0	-1500	1974.32597870335	55	0	0	82.7
-2	0	-1500	1890.33093576462	55	0	0	82.7
-1.9	0	-1500	1805.69981293673	55	0	0	82.7
-1.8	0	-1500	1720.46171556976	55	0	0	82.7
-1.7	0	-1500	1634.64598365655	55	0	0	82.7
-1.6	0	-1500	1548.28218060276	55	0	0	82.7
-1.5	0	-1500	1461.40008189349	55	0	0	82.7
-1.4	0	-1500	1374.02966366157	55	0	0	82.7
-1.3	0	-1500	1286.2010911628	55	0	0	82.7
-1.2	0	-1500	1197.94470716342	55	0	0	82.7
-1.1	0	-1500	1109.29102024521	55	0	0	82.7
-0.999999999999998	0	-1500	1020.27069303355	55	0	0	82.7
-0.899999999999999	0	-1500	930.914530353883	55	0	0	82.7
-0.799999999999999	0	-1500	841.253467322065	55	0	0	82.7
-0.699999999999999	0	-1500	751.318557374153	55	0	0	82.7
-0.6	0	-1500	661.140960241115	55	0	0	82.7
-0.499999999999998	0	-1500	570.751929874074	55	0	0	82.7
-0.399999999999999	0	-1500	480.182802325698	55	0	0	82.7
-0.299999999999999	0	-1500	389.464983593353	55	0	0	82.7
-0.199999999999999	0	-1500	298.629937429681	55	0	0	82.7
-0.0999999999999996	0	-1500	207.709173126275	55	0	0	82.7
1.77635683940025e-15	0	-1500	116.734233276134	55	0	0	82.7
0.100000000000001	0	-1500	25.7366813389385	55	0	0	82.7
0.200000000000001	0	-1500	-65.251926525521	55	0	0	82.7
0.300000000000001	0	-1500	-156.200066068474	55	0	0	82.7
0.4	0	-1500	-247.076231496714	55	0	0	82.7
0.500000000000002	0	-1500	-337.848944647229	55	0	0	82.7
0.600000000000001	0	-1500	-428.486767068758	55	0	0	82.7
0.700000000000001	0	-1500	-518.958312085329	55	0	0	82.7
0.800000000000001	0	-1500	-609.232256836249	55	0	0	82.7
0.9	0	-1500	-699.277354287109	55	0	0	82.7
1	0	-1500	-789.062445206351	55	0	0	82.7
1.1	0	-1500	-878.556470101946	55	0	0	82.7
1.2	0	-1500	-967.728481112816	55	0	0	82.7
1.3	0	-1500	-1056.54765384956	55	0	0	82.7
1.4	0	-1500	-1144.98329917916	55	0	0	82.7
1.5	0	-1500	-1233.00487494836	55	0	0	82.7
1.6	0	-1500	-1320.58199764038	55	0	0	82.7
1.7	0	-1500	-1407.68445395971	55	0	0	82.7
1.8	0	-1500	-1494.28221233986	55	0	0	82.7
1.9	0	-1500	-1580.34543436871	55	0	0	82.7
2	0	-1500	-1665.84448612658	55	0	0	82.7
2.1	0	-1500	-1750.74994943168	55	0	0	82.7
2.2	0	-1500	-1835.03263298807	55	0	0	82.7
2.3	0	-1500	-1918.66358343115	55	0	0	82.7
2.4	0	-1500	-2001.61409626567	55	0	0	82.7
2.5	0	-1500	-2083.85572669148	55	0	0	82.7
2.6	0	-1500	-2165.36030031217	55	0	0	82.7
2.7	0	-1500	-2246.0999237219	55	0	0	82.7
2.8	0	-1500	-2326.04699496569	55	0	0	82.7
2.9	0	-1500	-2405.17421386867	55	0	0	82.7
3	0	-1500	-2483.45459222966	55	0	0	82.7
3.1	0	-1500	-2560.86146387462	55	0	0	82.7
3.2	0	-1500	-2637.3684945657	55	0	0	82.7
3.3	0	-1500	-2712.94969176151	55	0	0	82.7
3.4	0	-1500	-2787.57941422427	55	0	0	82.7
3.5	0	-1500	-2861.23238147004	55	0	0	82.7
3.6	0	-1500	-2933.88368305751	55	0	0	82.7
3.7	0	-1500	-3005.50878771185	55	0	0	82.7
3.8	0	-1500	-3076.08355227935	55	0	0	82.7
3.9	0	-1500	-3145.58423050935	55	0	0	82.7
4	0	-1500	-3213.98748165955	55	0	0	82.7
4.1	0	-1500	-3281.27037892127	55	0	0	82.7
4.2	0	-1500	-3347.41041766106	55	0	0	82.7
4.3	0	-1500	-3412.38552347522	55	0	0	82.7
4.4	0	-1500	-3476.17406005404	55	0	0	82.7
4.5	0	-1500	-3538.75483685249	55	0	0	82.7
4.6	0	-1500	-3600.1071165642	55	0	0	82.7
4.7	0	-1500	-3660.21062239583	55	0	0	82.7
4.8	0	-1500	-3719.04554513894	55	0	0	82.7
4.9	0	-1500	-3776.59255003642	55	0	0	82.7
5	0	-1500	-3832.83278344104	55	0	0	82.7
5.1	0	-1500	-3887.74787926333	55	0	0	82.7
5.2	0	-1500	-3941.3199652065	55	0	0	82.7
5.3	0	-1500	-3993.53166878593	55	0	0	82.7
5.4	0	-1500	-4044.36612313112	55	0	0	82.7
5.5	0	-1500	-4093.80697256783	55	0	0	82.7
5.6	0	-1500	-4141.83837797856	55	0	0	82.7
5.7	0	-1500	-4188.4450219394	55	0	0	82.7
5.8	0	-1500	-4233.61211363144	55	0	0	82.7
5.9	0	-1500	-4277.32539352521	55	0	0	82.7
6	0	-1500	-4319.57113783643	55	0	0	82.7
6.1	0	-1500	-4360.33616275187	55	0	0	82.7
6.2	0	-1500	-4399.60782842377	55	0	0	82.7
6.3	0	-1500	-4437.37404273188	55	0	0	82.7
6.4	0	-1500	-4473.6232648118	55	0	0	82.7
6.5	0	-1500	-4508.34450834893	55	0	0	82.7
6.6	0	-1500	-4541.52734463699	55	0	0	82.7
6.7	0	-1500	-4573.16190540051	55	0	0	82.7
6.8	0	-1500	-4603.23888538067	55	0	0	82.7
6.9	0	-1500	-4631.74954468402	55	0	0	82.7
7	0	-1500	-4658.68571089367	55	0	0	82.7
7.1	0	-1500	-4684.03978094289	55	0	0	82.7
7.2	0	-1500	-4707.80472275072	55	0	0	82.7
7.3	0	-1500	-4729.97407661987	55	0	0	82.7
7.4	0	-1500	-4750.54195639683	55	0	0	82.7
7.5	0	-1500	-4769.50305039458	55	0	0	82.7
7.6	0	-1500	-4786.85262207802	55	0	0	82.7
7.7	0	-1500	-4802.58651051291	55	0	0	82.7
7.8	0	-1500	-4816.70113057859	55	0	0	82.7
7.9	0	-1500	-4829.19347294538	55	0	0	82.7
8	0	-1500	-4840.06110381734	55	0	0	82.7
8.1	0	-1500	-4849.3021644414	55	0	0	82.7
8.2	0	-1500	-4856.91537038386	55	0	0	82.7
8.3	0	-1500	-4862.90001057534	55	0	0	82.7
8.4	0	-1500	-4867.25594612555	55	0	0	82.7
8.5	0	-1500	-4869.98360890916	55	0	0	82.7
8.6	0	-1500	-4871.08399992419	55	0	0	82.7
8.7	0	-1500	-4870.55868742463	55	0	0	82.7
8.8	0	-1500	-4868.40980482882	55	0	0	82.7
8.9	0	-1500	-4864.64004840549	55	0	0	82.7
9	0	-1500	-4859.25267473919	55	0	0	82.7
9.1	0	-1500	-4852.25149797733	55	0	0	82.7
9.2	0	-1500	-4843.64088686054	55	0	0	82.7
9.3	0	-1500	-4833.42576153898	55	0	0	82.7
9.4	0	-1500	-4821.61159017643	55	0	0	82.7
9.5	0	-1500	-4808.20438534485	55	0	0	82.7
9.6	0	-1500	-4793.21070021165	55	0	0	82.7
9.7	0	-1500	-4776.63762452238	55	0	0	82.7
9.8	0	-1500	-4758.49278038131	55	0	0	82.7
9.9	0	-1500	-4738.78431783279	55	0	0	82.7
10	0	-1500	-4717.52091024599	55	0	0	82.7
10.1	0	-1500	-4694.71174950614	55	0	0	82.7
10.2	0	-1500	-4670.36654101504	55	0	0	82.7
10.3	0	-1500	-4644.49549850395	55	0	0	82.7
10.4	0	-1500	-4617.10933866203	55	0	0	82.7
10.5	0	-1500	-4588.21927558347	55	0	0	82.7
10.6	0	-1500	-4557.83701503656	55	0	0	82.7
10.7	0	-1500	-4525.9747485581	55	0	0	82.7
10.8	0	-1500	-4492.64514737648	55	0	0	82.7
10.9	0	-1500	-4457.86135616702	55	0	0	82.7
11	0	-1500	-4421.63698664286	55	0	0	82.7
11.1	0	-1500	-4383.98611098537	55	0	0	82.7
11.2	0	-1500	-4344.9232551173	55	0	0	82.7
11.3	0	-1500	-4304.46339182279	55	0	0	82.7
11.4	0	-1500	-4262.62193371765	55	0	0	82.7
11.5	0	-1500	-4219.414726074	55	0	0	82.7
11.6	0	-1500	-4174.85803950295	55	0	0	82.7
11.7	0	-1500	-4128.96856249935	55	0	0	82.7
11.8	0	-1500	-4081.76339385249	55	0	0	82.7
11.9	0	-1500	-4033.26003492675	55	0	0	82.7
12	0	-1500	-3983.47638181637	55	0	0	82.7
-12.1	4	-1500	3855.78411707099	55	0	0	82.7
-12	4	-1500	3908.12770344988	55	0	0	82.7
-11.9	4	-1500	3959.81633098408	55	0	0	82.7
-11.8	4	-1500	4010.82497544174	55	0	0	82.7
-11.7	4	-1500	4061.12856504803	55	0	0	82.7
-11.6	4	-1500	4110.70199400974	55	0	0	82.7
-11.5	4	-1500	4159.52013630264	55	0	0	82.7
-11.4	4	-1500	4207.55785971428	55	0	0	82.7
-11.3	4	-1500	4254.79004013457	55	0	0	82.7
-11.2	4	-1500	4301.19157608651	55	0	0	82.7
-11.1	4	-1500	4346.73740348839	55	0	0	82.7
-11	4	-1500	4391.40251063901	55	0	0	82.7
-10.9	4	-1500	4435.1619534167	55	0	0	82.7
-10.8	4	-1500	4477.99087068272	55	0	0	82.7
-10.7	4	-1500	4519.86449987929	55	0	0	82.7
-10.6	4	-1500	4560.7581928119	55	0	0	82.7
-10.5	4	-1500	4600.64743160551	55	0	0	82.7
-10.4	4	-1500	4639.5078448236	55	0	0	82.7
-10.3	4	-1500	4677.31522373895	55	0	0	82.7
-10.2	4	-1500	4714.04553874438	55	0	0	82.7
-10.1	4	-1500	4749.67495589167	55	0	0	82.7
-10	4	-1500	4784.17985354625	55	0	0	82.7
-9.9	4	-1500	4817.53683914527	55	0	0	82.7
-9.8	4	-1500	4849.72276604585	55	0	0	82.7
-9.7	4	-1500	4880.71475045061	55	0	0	82.7
-9.6	4	-1500	4910.49018839682	55	0	0	82.7
-9.5	4	-1500	4939.02677279542	55	0	0	82.7
-9.4	4	-1500	4966.30251050586	55	0	0	82.7
-9.3	4	-1500	4992.29573943245	55	0	0	82.7
-9.2	4	-1500	5016.98514562773	55	0	0	82.7
-9.1	4	-1500	5040.34978038791	55	0	0	82.7
-9	4	-1500	5062.3690773256	55	0	0	82.7
-8.9	4	-1500	5083.02286940434	55	0	0	82.7
-8.8	4	-1500	5102.29140591973	55	0	0	82.7
-8.7	4	-1500	5120.15536941155	55	0	0	82.7
-8.6	4	-1500	5136.5958924909	55	0	0	82.7
-8.5	4	-1500	5151.59457456677	55	0	0	82.7
-8.4	4	-1500	5165.13349845577	55	0	0	82.7
-8.3	4	-1500	5177.19524685899	55	0	0	82.7
-8.2	4	-1500	5187.76291868963	55	0	0	82.7
-8.1	4	-1500	5196.82014523528	55	0	0	82.7
-8	4	-1500	5204.3511061382	55	0	0	82.7
-7.9	4	-1500	5210.34054517739	55	0	0	82.7
-7.8	4	-1500	5214.77378583584	55	0	0	82.7
-7.7	4	-1500	5217.63674663657	55	0	0	82.7
-7.6	4	-1500	5218.91595623104	55	0	0	82.7
-7.5	4	-1500	5218.59856822334	55	0	0	82.7
-7.4	4	-1500	5216.6723757141	55	0	0	82.7
-7.3	4	-1500	5213.12582554745	55	0	0	82.7
-7.2	4	-1500	5207.94803224511	55	0	0	82.7
-7.1	4	-1500	5201.12879161143	55	0	0	82.7
-7	4	-1500	5192.6585939934	55	0	0	82.7
-6.9	4	-1500	5182.52863717977	55	0	0	82.7
-6.8	4	-1500	5170.73083892386	55	0	0	82.7
-6.7	4	-1500	5157.25784907433	55	0	0	82.7
-6.6	4	-1500	5142.1030612989	55	0	0	82.7
-6.5	4	-1500	5125.26062438605	55	0	0	82.7
-6.4	4	-1500	5106.72545310975	55	0	0	82.7
-6.3	4	-1500	5086.49323864303	55	0	0	82.7
-6.2	4	-1500	5064.56045850608	55	0	0	82.7
-6.1	4	-1500	5040.92438603507	55	0	0	82.7
-6	4	-1500	5015.5830993583	55	0	0	82.7
-5.9	4	-1500	4988.53548986634	55	0	0	82.7
-5.8	4	-1500	4959.78127016359	55	0	0	82.7
-5.7	4	-1500	4929.32098148888	55	0	0	82.7
-5.6	4	-1500	4897.15600059297	55	0	0	82.7
-5.5	4	-1500	4863.28854606177	55	0	0	82.7
-5.4	4	-1500	4827.72168407389	55	0	0	82.7
-5.3	4	-1500	4790.45933358219	55	0	0	82.7
-5.2	4	-1500	4751.50627090915	55	0	0	82.7
-5.1	4	-1500	4710.86813374639	55	0	0	82.7
-5	4	-1500	4668.55142454947	55	0	0	82.7
-4.9	4	-1500	4624.56351331928	55	0	0	82.7
-4.8	4	-1500	4578.91263976215	55	0	0	82.7
-4.7	4	-1500	4531.60791482122	55	0	0	82.7
-4.6	4	-1500	4482.65932157238	55	0	0	82.7
-4.5	4	-1500	4432.07771547839	55	0	0	82.7
-4.4	4	-1500	4379.87482399577	55	0	0	82.7
-4.3	4	-1500	4326.06324552934	55	0	0	82.7
-4.2	4	-1500	4270.6564477302	55	0	0	82.7
-4.1	4	-1500	4213.66876513331	55	0	0	82.7
-4	4	-1500	4155.11539613177	55	0	0	82.7
-3.9	4	-1500	4095.01239928535	55	0	0	82.7
-3.8	4	-1500	4033.37668896164	55	0	0	82.7
-3.7	4	-1500	3970.22603030867	55	0	0	82.7
-3.6	4	-1500	3905.57903355891	55	0	0	82.7
-3.5	4	-1500	3839.45514766477	55	0	0	82.7
-3.4	4	-1500	3771.87465326682	55	0	0	82.7
-3.3	4	-1500	3702.85865499644	55	0	0	82.7
-3.2	4	-1500	3632.4290731154	55	0	0	82.7
-3.1	4	-1500	3560.60863449563	55	0	0	82.7
-3	4	-1500	3487.42086294283	55	0	0	82.7
-2.9	4	-1500	3412.89006886888	55	0	0	82.7
-2.8	4	-1500	3337.04133831803	55	0	0	82.7
-2.7	4	-1500	3259.90052135314	55	0	0	82.7
-2.6	4	-1500	3181.49421980852	55	0	0	82.7
-2.5	4	-1500	3101.84977441693	55	0	0	82.7
-2.4	4	-1500	3020.99525131878	55	0	0	82.7
-2.3	4	-1500	2938.95942796239	55	0	0	82.7
-2.2	4	-1500	2855.77177840473	55	0	0	82.7
-2.1	4	-1500	2771.46245802296	55	0	0	82.7
-2	4	-1500	2686.06228764746	55	0	0	82.7
-1.9	4	-1500	2599.60273712796	55	0	0	82.7
-1.8	4	-1500	2512.1159083448	55	0	0	82.7
-1.7	4	-1500	2423.6345176783	55	0	0	82.7
-1.6	4	-1500	2334.1918779494	55	0	0	82.7
-1.5	4	-1500	2243.82187984579	55	0	0	82.7
-1.4	4	-1500	2152.55897284809	55	0	0	82.7
-1.3	4	-1500	2060.43814567114	55	0	0	82.7
-1.2	4	-1500	1967.49490623646	55	0	0	82.7
-1.1	4	-1500	1873.76526119182	55	0	0	82.7
-0.999999999999998	4	-1500	1779.28569499511	55	0	0	82.7
-0.899999999999999	4	-1500	1684.09314857959	55	0	0	82.7
-0.799999999999999	4	-1500	1588.22499761857	55	0	0	82.7
-0.699999999999999	4	-1500	1491.71903040767	55	0	0	82.7
-0.6	4	-1500	1394.61342538362	55	0	0	82.7
-0.499999999999998	4	-1500	1296.94672829858	55	0	0	82.7
-0.399999999999999	4	-1500	1198.75782906981	55	0	0	82.7
-0.299999999999999	4	-1500	1100.08593832459	55	0	0	82.7
-0.199999999999999	4	-1500	1000.97056366067	55	0	0	82.7
-0.0999999999999996	4	-1500	901.451485643184	55	0	0	82.7
1.77635683940025e-15	4	-1500	801.568733558806	55	0	0	82.7
0.100000000000001	4	-1500	701.36256094861	55	0	0	82.7
0.200000000000001	4	-1500	600.873420941147	55	0	0	82.7
0.300000000000001	4	-1500	500.141941407581	55	0	0	82.7
0.4	4	-1500	399.208899960912	55	0	0	82.7
0.500000000000002	4	-1500	298.115198821482	55	0	0	82.7
0.600000000000001	4	-1500	196.901839571177	55	0	0	82.7
0.700000000000001	4	-1500	95.6098978188059	55	0	0	82.7
0.800000000000001	4	-1500	-5.71950276326275	55	0	0	82.7
0.9	4	-1500	-107.046222982727	55	0	0	82.7
1	4	-1500	-208.333208024793	55	0	0	82.7
1.1	4	-1500	-309.544000356432	55	0	0	82.7
1.2	4	-1500	-410.642158428781	55	0	0	82.7
1.3	4	-1500	-511.591264334519	55	0	0	82.7
1.4	4	-1500	-612.354931474733	55	0	0	82.7
1.5	4	-1500	-712.89681223831	55	0	0	82.7
1.6	4	-1500	-813.180605696871	55	0	0	82.7
1.7	4	-1500	-913.170065318335	55	0	0	82.7
1.8	4	-1500	-1012.82900670202	55	0	0	82.7
1.9	4	-1500	-1112.12131533834	55	0	0	82.7
2	4	-1500	-1211.01095439604	55	0	0	82.7
2.1	4	-1500	-1309.46197253987	55	0	0	82.7
2.2	4	-1500	-1407.4385117816	55	0	0	82.7
2.3	4	-1500	-1504.90481536724	55	0	0	82.7
2.4	4	-1500	-1601.82523570336	55	0	0	82.7
2.5	4	-1500	-1698.1642423251	55	0	0	82.7
2.6	4	-1500	-1793.8864299089	55	0	0	82.7
2.7	4	-1500	-1888.95652633227	55	0	0	82.7
2.8	4	-1500	-1983.33940078364	55	0	0	82.7
2.9	4	-1500	-2077.00007192454	55	0	0	82.7
3	4	-1500	-2169.90371610684	55	0	0	82.7
3.1	4	-1500	-2262.01567564738	55	0	0	82.7
3.2	4	-1500	-2353.30146716254	55	0	0	82.7
3.3	4	-1500	-2443.72678996495	55	0	0	82.7
3.4	4	-1500	-2533.25753452468	55	0	0	82.7
3.5	4	-1500	-2621.85979099703	55	0	0	82.7
3.6	4	-1500	-2709.49985781914	55	0	0	82.7
3.7	4	-1500	-2796.14425037732	55	0	0	82.7
3.8	4	-1500	-2881.75970974714	55	0	0	82.7
3.9	4	-1500	-2966.31321150808	55	0	0	82.7
4	4	-1500	-3049.77197463457	55	0	0	82.7
4.1	4	-1500	-3132.10347046494	55	0	0	82.7
4.2	4	-1500	-3213.2754317501	55	0	0	82.7
4.3	4	-1500	-3293.25586178311	55	0	0	82.7
4.4	4	-1500	-3372.01304361125	55	0	0	82.7
4.5	4	-1500	-3449.51554933177	55	0	0	82.7
4.6	4	-1500	-3525.73224947227	55	0	0	82.7
4.7	4	-1500	-3600.63232245711	55	0	0	82.7
4.8	4	-1500	-3674.18526416033	55	0	0	82.7
4.9	4	-1500	-3746.36089754616	55	0	0	82.7
5	4	-1500	-3817.1293823976	55	0	0	82.7
5.1	4	-1500	-3886.4612251336	55	0	0	82.7
5.2	4	-1500	-3954.32728871532	55	0	0	82.7
5.3	4	-1500	-4020.69880264153	55	0	0	82.7
5.4	4	-1500	-4085.54737303334	55	0	0	82.7
5.5	4	-1500	-4148.84499280832	55	0	0	82.7
5.6	4	-1500	-4210.5640519434	55	0	0	82.7
5.7	4	-1500	-4270.67734782673	55	0	0	82.7
5.8	4	-1500	-4329.15809569752	55	0	0	82.7
5.9	4	-1500	-4385.97993917334	55	0	0	82.7
6	4	-1500	-4441.11696086412	55	0	0	82.7
6.1	4	-1500	-4494.54369307157	55	0	0	82.7
6.2	4	-1500	-4546.2351285731	55	0	0	82.7
6.3	4	-1500	-4596.16673148865	55	0	0	82.7
6.4	4	-1500	-4644.31444822882	55	0	0	82.7
6.5	4	-1500	-4690.65471852287	55	0	0	82.7
6.6	4	-1500	-4735.16448652417	55	0	0	82.7
6.7	4	-1500	-4777.82121199138	55	0	0	82.7
6.8	4	-1500	-4818.60288154277	55	0	0	82.7
6.9	4	-1500	-4857.48801998116	55	0	0	82.7
7	4	-1500	-4894.45570168684	55	0	0	82.7
7.1	4	-1500	-4929.48556207544	55	0	0	82.7
7.2	4	-1500	-4962.55780911749	55	0	0	82.7
7.3	4	-1500	-4993.65323491645	55	0	0	82.7
7.4	4	-1500	-5022.75322734146	55	0	0	82.7
7.5	4	-1500	-5049.83978171104	55	0	0	82.7
7.6	4	-1500	-5074.89551252357	55	0	0	82.7
7.7	4	-1500	-5097.90366523045	55	0	0	82.7
7.8	4	-1500	-5118.84812804719	55	0	0	82.7
7.9	4	-1500	-5137.71344379777	55	0	0	82.7
8	4	-1500	-5154.48482178725	55	0	0	82.7
8.1	4	-1500	-5169.14814969736	55	0	0	82.7
8.2	4	-1500	-5181.69000549954	55	0	0	82.7
8.3	4	-1500	-5192.09766937971	55	0	0	82.7
8.4	4	-1500	-5200.35913566874	55	0	0	82.7
8.5	4	-1500	-5206.46312477237	55	0	0	82.7
8.6	4	-1500	-5210.39909509405	55	0	0	82.7
8.7	4	-1500	-5212.15725494389	55	0	0	82.7
8.8	4	-1500	-5211.72857442673	55	0	0	82.7
8.9	4	-1500	-5209.10479730197	55	0	0	82.7
9	4	-1500	-5204.27845280762	55	0	0	82.7
9.1	4	-1500	-5197.24286744066	55	0	0	82.7
9.2	4	-1500	-5187.99217668571	55	0	0	82.7
9.3	4	-1500	-5176.52133668348	55	0	0	82.7
9.4	4	-1500	-5162.8261358305	55	0	0	82.7
9.5	4	-1500	-5146.903206301	55	0	0	82.7
9.6	4	-1500	-5128.75003548198	55	0	0	82.7
9.7	4	-1500	-5108.36497731176	55	0	0	82.7
9.8	4	-1500	-5085.74726351239	55	0	0	82.7
9.9	4	-1500	-5060.89701470585	55	0	0	82.7
10	4	-1500	-5033.81525140378	55	0	0	82.7
10.1	4	-1500	-5004.50390486009	55	0	0	82.7
10.2	4	-1500	-4972.96582777564	55	0	0	82.7
10.3	4	-1500	-4939.20480484393	55	0	0	82.7
10.4	4	-1500	-4903.22556312625	55	0	0	82.7
10.5	4	-1500	-4865.03378224488	55	0	0	82.7
10.6	4	-1500	-4824.63610438214	55	0	0	82.7
10.7	4	-1500	-4782.04014407332	55	0	0	82.7
10.8	4	-1500	-4737.25449778095	55	0	0	82.7
10.9	4	-1500	-4690.28875323772	55	0	0	82.7
11	4	-1500	-4641.15349854505	55	0	0	82.7
11.1	4	-1500	-4589.86033101425	55	0	0	82.7
11.2	4	-1500	-4536.42186573664	55	0	0	82.7
11.3	4	-1500	-4480.85174386896	55	0	0	82.7
11.4	4	-1500	-4423.16464062042	55	0	0	82.7
11.5	4	-1500	-4363.37627292671	55	0	0	82.7
11.6	4	-1500	-4301.50340679719	55	0	0	82.7
11.7	4	-1500	-4237.56386432013	55	0	0	82.7
11.8	4	-1500	-4171.57653031161	55	0	0	82.7
11.9	4	-1500	-4103.56135859279	55	0	0	82.7
12	4	-1500	-4033.5393778805	55	0	0	82.7
